Time KWT WHT KWR DOL WHG WHH WHB SSL PIN BDF BDI BSF BSI SHD SHP DOG POL COD HER ATF HAL FHS REX FFS FFD SKL SKB SKO SBF POP RFS RFP RFD THO DFS DFD SCU OCT SQD SCH SCM SCO SPI SSO HAK CAP SAN FOS EUL TAN KIN CRO PAN PWN EBC BG COR SPG BFF BIV TsActKWT TsActWHT TsActKWR TsActDOL TsActWHG TsActWHH TsActWHB TsActSSL TsActPIN TsActBDF TsActBDI TsActBSF TsActBSI TsActSHD TsActSHP TsActDOG TsActPOL TsActCOD TsActHER TsActATF TsActHAL TsActFHS TsActREX TsActFFS TsActFFD TsActSKL TsActSKB TsActSKO TsActSBF TsActPOP TsActRFS TsActRFP TsActRFD TsActTHO TsActDFS TsActDFD TsActSCU TsActOCT TsActSQD TsActSCH TsActSCM TsActSCO TsActSPI TsActSSO TsActHAK TsActCAP TsActSAN TsActFOS TsActEUL TsActTAN TsActKIN TsActCRO TsActPAN TsActPWN TsActEBC TsActBG TsActCOR TsActSPG TsActBFF TsActBIV
0.000000e+00 0.000000 0.000000 0.000000 0.000000 0.000000 0.000000 0.000000 0.000000 0.000000 0.000000 0.000000 0.000000 0.000000 0.000000 0.000000 0.000000 0.000000 0.000000 0.000000 0.000000 0.000000 0.000000 0.000000 0.000000 0.000000 0.000000 0.000000 0.000000 0.000000 0.000000 0.000000 0.000000 0.000000 0.000000 0.000000 0.000000 0.000000 0.000000 0.000000 0.000000 0.000000 0.000000 0.000000 0.000000 0.000000 0.000000 0.000000 0.000000 0.000000 0.000000 0.000000 0.000000 0.000000 0.000000 0.000000 0.000000 0.000000 0.000000 0.000000 0.000000 0.000000 0.000000 0.000000 0.000000 0.000000 0.000000 0.000000 0.000000 0.000000 0.000000 0.000000 0.000000 0.000000 0.000000 0.000000 0.000000 0.000000 0.000000 0.000000 0.000000 0.000000 0.000000 0.000000 0.000000 0.000000 0.000000 0.000000 0.000000 0.000000 0.000000 0.000000 0.000000 0.000000 0.000000 0.000000 0.000000 0.000000 0.000000 0.000000 0.000000 0.000000 0.000000 0.000000 0.000000 0.000000 0.000000 0.000000 0.000000 0.000000 0.000000 0.000000 0.000000 0.000000 0.000000 0.000000 0.000000 0.000000 0.000000 0.000000 0.000000
3.650000e+02 4.435413 34.222659 17.177815 17.581175 2247.778895 2167.354296 327.116787 26.119760 75.642306 38.401152 0.707953 1.710775 0.932577 24.506242 318.514117 20.342539 141954.098621 58915.496552 17547.494853 82270.437555 9964.193349 10282.268044 8688.714488 17549.758023 4527.624676 286.612108 821.782346 202.417512 6650.782007 5558.108062 5754.988273 1040.804183 1028.269415 470.026730 11620.666233 2181.652702 884.911023 62.022223 40.618195 1062.080499 21055.586279 1026.903115 50619.997289 13411.600654 15711.667127 192387.337683 83517.279456 14004.601046 7474.635285 94.740750 0.000000 0.001858 0.001595 0.000000 0.000161 0.007538 0.000000 0.000000 0.000000 0.008014 0.000000 0.000000 0.000000 0.000000 0.000000 0.000000 0.000000 0.000000 0.000000 0.000000 0.000000 0.000000 0.000000 0.000000 0.000000 0.000000 0.000000 0.000000 0.000000 0.000000 0.000000 0.000000 0.000000 0.000000 0.000000 0.000000 0.000000 0.000000 0.000000 0.000000 0.000000 0.000000 0.000000 0.000000 0.000000 0.000000 0.000000 0.000000 0.000000 0.000000 0.000000 0.000000 0.000000 0.000000 0.000000 0.000000 0.000000 0.000000 0.000000 0.000000 0.000000 0.000000 0.000000 0.000000 0.000000 0.000000 0.000000 0.000000 0.000000 0.000000
7.300000e+02 4.420770 34.111278 16.345612 17.628314 2010.920483 2044.384851 317.475003 26.092657 78.247078 36.251023 0.702413 1.697662 0.912889 25.683985 267.597650 20.436532 151740.179511 79342.284803 21879.850229 88211.067205 11091.386803 16852.586475 7317.392271 19233.774030 4377.743428 286.792310 826.332973 218.875595 6524.626800 5080.228691 5504.162247 1047.957192 985.554410 460.153997 13329.076651 2028.490936 1009.224726 64.471014 40.851191 152.240919 10801.529698 940.546164 20303.659314 1914.355280 12573.491040 229039.814352 78361.143113 20372.722558 9473.530147 98.211000 0.000000 0.002164 0.001522 0.000000 0.000160 0.007588 0.000000 0.000000 0.000000 0.006840 0.000000 0.000000 0.000000 0.000000 0.000000 0.000000 0.000000 0.000000 0.000000 0.000000 0.000000 0.000000 0.000000 0.000000 0.000000 0.000000 0.000000 0.000000 0.000000 0.000000 0.000000 0.000000 0.000000 0.000000 0.000000 0.000000 0.000000 0.000000 0.000000 0.000000 0.000000 0.000000 0.000000 0.000000 0.000000 0.000000 0.000000 0.000000 0.000000 0.000000 0.000000 0.000000 0.000000 0.000000 0.000000 0.000000 0.000000 0.000000 0.000000 0.000000 0.000000 0.000000 0.000000 0.000000 0.000000 0.000000 0.000000 0.000000 0.000000 0.000000
1.095000e+03 4.588637 33.172215 16.751200 18.248990 1937.694766 1936.167529 325.039714 26.829598 81.226284 34.055587 0.696711 1.650599 0.923964 26.854297 232.959075 22.511970 166599.954925 110042.225476 26644.304012 93110.819482 13207.909922 22319.147089 6923.197758 20898.183254 4290.557342 297.951619 865.433045 242.796460 6534.496823 4818.178861 5444.296817 1081.552612 995.301887 464.226778 15979.243726 2046.379562 1132.325743 66.955608 41.102062 271.789725 4733.809022 1229.111722 1078.956425 2711.084437 33368.462893 222273.883816 75763.542621 25451.105135 9154.370074 101.637236 0.000000 0.002287 0.001450 0.000000 0.000158 0.007642 0.000000 0.000000 0.000000 0.006085 0.000000 0.000000 0.000000 0.000000 0.000000 0.000000 0.000000 0.000000 0.000000 0.000000 0.000000 0.000000 0.000000 0.000000 0.000000 0.000000 0.000000 0.000000 0.000000 0.000000 0.000000 0.000000 0.000000 0.000000 0.000000 0.000000 0.000000 0.000000 0.000000 0.000000 0.000000 0.000000 0.000000 0.000000 0.000000 0.000000 0.000000 0.000000 0.000000 0.000000 0.000000 0.000000 0.000000 0.000000 0.000000 0.000000 0.000000 0.000000 0.000000 0.000000 0.000000 0.000000 0.000000 0.000000 0.000000 0.000000 0.000000 0.000000 0.000000 0.000000
1.460000e+03 4.747924 32.303162 17.237614 18.818645 1869.216669 1839.537036 333.262734 27.572815 84.002094 31.684227 0.677483 1.642470 0.935600 28.018793 206.671312 24.882038 184675.367312 151032.049056 30577.986705 96244.935860 15937.205417 26776.163219 6641.317735 22389.870898 4221.049955 314.228629 920.611607 267.961859 6543.700719 4630.197733 5411.980531 1112.499600 1005.907921 468.898304 19096.540946 2071.728283 1234.480185 69.477258 41.356705 111.559068 1992.295046 2299.395473 5868.362312 1339.126453 50331.459321 202689.986824 75288.090135 26453.944588 7107.497218 105.041171 0.000000 0.002315 0.001379 0.000000 0.000157 0.007700 0.000000 0.000000 0.000000 0.005645 0.000000 0.000000 0.000000 0.000000 0.000000 0.000000 0.000000 0.000000 0.000000 0.000000 0.000000 0.000000 0.000000 0.000000 0.000000 0.000000 0.000000 0.000000 0.000000 0.000000 0.000000 0.000000 0.000000 0.000000 0.000000 0.000000 0.000000 0.000000 0.000000 0.000000 0.000000 0.000000 0.000000 0.000000 0.000000 0.000000 0.000000 0.000000 0.000000 0.000000 0.000000 0.000000 0.000000 0.000000 0.000000 0.000000 0.000000 0.000000 0.000000 0.000000 0.000000 0.000000 0.000000 0.000000 0.000000 0.000000 0.000000 0.000000 0.000000 0.000000
1.825000e+03 4.897230 31.517193 17.753563 19.272300 1806.744926 1751.354087 341.717509 28.251315 86.379821 29.429687 0.659676 1.650653 0.949171 29.162567 188.232901 27.506703 189106.065397 186373.183389 32802.161241 97786.400114 19203.815826 30291.460975 6394.443133 23730.802191 4164.556769 333.975196 1007.784157 293.403636 6522.860320 4501.612902 5396.441132 1139.648771 1017.075545 474.236608 22487.167971 2102.546910 1316.403689 72.042085 41.622031 69.041749 6761.951900 1728.330479 154.505138 609.322823 57857.321227 190978.218429 72507.705123 24149.980802 5323.208049 108.450474 0.000000 0.002326 0.001309 0.000000 0.000156 0.007764 0.000000 0.000000 0.000000 0.005442 0.000000 0.000000 0.000000 0.000000 0.000000 0.000000 0.000000 0.000000 0.000000 0.000000 0.000000 0.000000 0.000000 0.000000 0.000000 0.000000 0.000000 0.000000 0.000000 0.000000 0.000000 0.000000 0.000000 0.000000 0.000000 0.000000 0.000000 0.000000 0.000000 0.000000 0.000000 0.000000 0.000000 0.000000 0.000000 0.000000 0.000000 0.000000 0.000000 0.000000 0.000000 0.000000 0.000000 0.000000 0.000000 0.000000 0.000000 0.000000 0.000000 0.000000 0.000000 0.000000 0.000000 0.000000 0.000000 0.000000 0.000000 0.000000 0.000000 0.000000
2.190000e+03 5.037070 30.806966 18.278465 19.625783 1751.829770 1669.589413 350.106083 28.840665 88.279520 27.391741 0.652310 1.664243 0.965980 30.282212 175.549747 30.423151 184703.005141 200730.825766 34149.236611 98549.951872 22869.408220 32908.982759 6174.636902 24903.276728 4119.834766 356.974764 1077.197226 318.856854 6484.307362 4420.306701 5395.392793 1165.049593 1029.452977 480.420243 25919.834246 2137.746076 1385.138929 74.662061 41.901857 142.017281 16498.812697 2091.059689 9297.290600 1254.673366 57458.927757 194640.709239 73041.651976 20884.592248 5449.857853 111.894564 0.000000 0.002355 0.001241 0.000000 0.000154 0.007834 0.000000 0.000000 0.000000 0.005462 0.000000 0.000000 0.000000 0.000000 0.000000 0.000000 0.000000 0.000000 0.000000 0.000000 0.000000 0.000000 0.000000 0.000000 0.000000 0.000000 0.000000 0.000000 0.000000 0.000000 0.000000 0.000000 0.000000 0.000000 0.000000 0.000000 0.000000 0.000000 0.000000 0.000000 0.000000 0.000000 0.000000 0.000000 0.000000 0.000000 0.000000 0.000000 0.000000 0.000000 0.000000 0.000000 0.000000 0.000000 0.000000 0.000000 0.000000 0.000000 0.000000 0.000000 0.000000 0.000000 0.000000 0.000000 0.000000 0.000000 0.000000 0.000000 0.000000 0.000000
2.555000e+03 5.168048 30.144063 18.806807 19.898017 1705.349836 1592.196670 358.250303 29.360593 89.793181 25.564370 0.643961 1.679588 0.986730 31.382087 178.980939 33.683327 184049.650449 204109.257779 35468.249101 98863.034230 26737.560387 34739.946842 5999.034844 25879.239029 4086.139034 382.999882 1134.175074 343.821784 6446.020341 4375.256154 5407.221147 1190.577687 1043.521599 487.559388 29067.419052 2176.432690 1447.261884 77.351647 42.195383 174.104014 6376.342473 2844.128241 53.508723 1751.614204 52230.496289 200047.218372 71540.634726 19517.594523 6187.975168 115.400247 0.000000 0.002398 0.001177 0.000000 0.000153 0.007910 0.000000 0.000000 0.000000 0.005625 0.000000 0.000000 0.000000 0.000000 0.000000 0.000000 0.000000 0.000000 0.000000 0.000000 0.000000 0.000000 0.000000 0.000000 0.000000 0.000000 0.000000 0.000000 0.000000 0.000000 0.000000 0.000000 0.000000 0.000000 0.000000 0.000000 0.000000 0.000000 0.000000 0.000000 0.000000 0.000000 0.000000 0.000000 0.000000 0.000000 0.000000 0.000000 0.000000 0.000000 0.000000 0.000000 0.000000 0.000000 0.000000 0.000000 0.000000 0.000000 0.000000 0.000000 0.000000 0.000000 0.000000 0.000000 0.000000 0.000000 0.000000 0.000000 0.000000 0.000000
2.920000e+03 5.290774 29.511001 19.333603 20.083962 1667.548283 1518.710649 366.025988 29.824872 91.003443 23.910278 0.634676 1.694828 1.011235 32.464037 193.442688 37.339784 186394.268994 203232.560756 36533.935613 98778.768795 30578.114154 35932.791413 5880.290419 26665.394897 4062.751629 410.933122 1181.227778 367.258191 6418.646911 4356.460767 5430.113982 1216.748082 1059.223223 495.620915 31680.057479 2217.723444 1505.985634 80.120210 42.499987 208.693032 703.105151 2128.718928 15544.315881 2030.155215 44807.202913 201465.143455 71665.840044 20485.597552 6704.275660 118.987927 0.000000 0.002452 0.001117 0.000000 0.000152 0.007991 0.000000 0.000000 0.000000 0.005880 0.000000 0.000000 0.000000 0.000000 0.000000 0.000000 0.000000 0.000000 0.000000 0.000000 0.000000 0.000000 0.000000 0.000000 0.000000 0.000000 0.000000 0.000000 0.000000 0.000000 0.000000 0.000000 0.000000 0.000000 0.000000 0.000000 0.000000 0.000000 0.000000 0.000000 0.000000 0.000000 0.000000 0.000000 0.000000 0.000000 0.000000 0.000000 0.000000 0.000000 0.000000 0.000000 0.000000 0.000000 0.000000 0.000000 0.000000 0.000000 0.000000 0.000000 0.000000 0.000000 0.000000 0.000000 0.000000 0.000000 0.000000 0.000000 0.000000 0.000000
3.285000e+03 5.405864 28.891790 19.856281 20.192520 1638.228012 1448.415112 373.349159 30.234413 91.951491 22.407454 0.628910 1.709762 1.039010 33.529786 221.449242 41.450174 190743.625865 200624.962765 37325.608030 98337.967030 34205.067908 36645.108359 5815.124890 27297.930137 4048.887884 439.241136 1220.967092 388.329673 6409.297740 4355.971832 5462.578736 1244.147829 1076.780815 504.584705 33679.490938 2260.867023 1563.311020 82.976144 42.811524 92.744823 1561.086238 2565.448325 61.957825 1017.950354 36814.035005 201659.389582 72339.331739 23194.230769 7002.857729 122.674541 0.000000 0.002516 0.001059 0.000000 0.000151 0.008077 0.000000 0.000000 0.000000 0.006214 0.000000 0.000000 0.000000 0.000000 0.000000 0.000000 0.000000 0.000000 0.000000 0.000000 0.000000 0.000000 0.000000 0.000000 0.000000 0.000000 0.000000 0.000000 0.000000 0.000000 0.000000 0.000000 0.000000 0.000000 0.000000 0.000000 0.000000 0.000000 0.000000 0.000000 0.000000 0.000000 0.000000 0.000000 0.000000 0.000000 0.000000 0.000000 0.000000 0.000000 0.000000 0.000000 0.000000 0.000000 0.000000 0.000000 0.000000 0.000000 0.000000 0.000000 0.000000 0.000000 0.000000 0.000000 0.000000 0.000000 0.000000 0.000000 0.000000 0.000000
3.650000e+03 5.513899 28.280233 20.366050 20.230578 1616.791190 1380.922999 380.231917 30.575537 92.646767 21.043986 0.616632 1.724331 1.069422 34.579833 246.277732 46.069362 195443.464676 197266.420934 38281.959885 97605.173845 37500.352647 37014.638794 5805.886881 27824.746311 4043.705921 466.269130 1255.016122 406.536897 6420.924849 4369.288123 5504.119655 1273.392336 1096.335067 514.421496 35105.916757 2304.752444 1620.332681 85.926606 43.127710 79.734109 15462.852374 2977.019197 19333.100139 647.295744 29012.149335 201932.340542 72603.626563 25954.556370 7265.025275 126.473643 0.000000 0.002598 0.001005 0.000000 0.000149 0.008167 0.000000 0.000000 0.000000 0.006599 0.000000 0.000000 0.000000 0.000000 0.000000 0.000000 0.000000 0.000000 0.000000 0.000000 0.000000 0.000000 0.000000 0.000000 0.000000 0.000000 0.000000 0.000000 0.000000 0.000000 0.000000 0.000000 0.000000 0.000000 0.000000 0.000000 0.000000 0.000000 0.000000 0.000000 0.000000 0.000000 0.000000 0.000000 0.000000 0.000000 0.000000 0.000000 0.000000 0.000000 0.000000 0.000000 0.000000 0.000000 0.000000 0.000000 0.000000 0.000000 0.000000 0.000000 0.000000 0.000000 0.000000 0.000000 0.000000 0.000000 0.000000 0.000000 0.000000 0.000000
4.015000e+03 5.615401 27.665975 20.861366 20.209004 1602.297172 1316.231459 386.711789 30.849527 93.155264 19.816772 0.592493 1.738623 1.101842 35.616868 274.548491 51.247815 199185.793981 200115.327152 39374.733841 96749.635615 40431.658549 37154.849918 5851.228742 28288.860744 4046.287094 490.753689 1252.489274 421.917777 6455.449516 4394.308653 5554.241136 1305.138245 1118.179863 525.102395 36099.139996 2348.449877 1677.849394 88.976993 43.448221 119.231486 9330.153797 2371.319507 75.603494 1011.810198 23230.731689 202378.973606 72675.724731 28406.671649 7746.840270 130.394681 0.000000 0.002680 0.000955 0.000000 0.000148 0.008260 0.000000 0.000000 0.000000 0.006969 0.000000 0.000000 0.000000 0.000000 0.000000 0.000000 0.000000 0.000000 0.000000 0.000000 0.000000 0.000000 0.000000 0.000000 0.000000 0.000000 0.000000 0.000000 0.000000 0.000000 0.000000 0.000000 0.000000 0.000000 0.000000 0.000000 0.000000 0.000000 0.000000 0.000000 0.000000 0.000000 0.000000 0.000000 0.000000 0.000000 0.000000 0.000000 0.000000 0.000000 0.000000 0.000000 0.000000 0.000000 0.000000 0.000000 0.000000 0.000000 0.000000 0.000000 0.000000 0.000000 0.000000 0.000000 0.000000 0.000000 0.000000 0.000000 0.000000 0.000000
4.380000e+03 5.710778 27.098040 21.356480 20.138711 1593.502514 1254.304213 392.833517 31.100835 93.589298 18.725222 0.565735 1.752664 1.135680 36.643650 298.482388 57.031987 204724.732442 216504.372185 40316.074045 95929.959466 42981.039164 37133.361197 5938.253250 28715.355271 4055.646521 511.131415 1294.903038 434.151594 6508.719251 4427.030833 5610.267200 1337.879436 1141.350829 536.326134 36807.212199 2391.062438 1733.489829 92.123504 43.770682 192.047039 1542.361957 2882.207684 21003.973458 1781.776642 21764.663201 202544.537796 72397.218791 30284.753687 8273.531216 134.437279 0.000000 0.002744 0.000907 0.000000 0.000147 0.008355 0.000000 0.000000 0.000000 0.007224 0.000000 0.000000 0.000000 0.000000 0.000000 0.000000 0.000000 0.000000 0.000000 0.000000 0.000000 0.000000 0.000000 0.000000 0.000000 0.000000 0.000000 0.000000 0.000000 0.000000 0.000000 0.000000 0.000000 0.000000 0.000000 0.000000 0.000000 0.000000 0.000000 0.000000 0.000000 0.000000 0.000000 0.000000 0.000000 0.000000 0.000000 0.000000 0.000000 0.000000 0.000000 0.000000 0.000000 0.000000 0.000000 0.000000 0.000000 0.000000 0.000000 0.000000 0.000000 0.000000 0.000000 0.000000 0.000000 0.000000 0.000000 0.000000 0.000000 0.000000
4.745000e+03 5.800317 26.607802 21.864421 20.030233 1589.000905 1195.594906 398.633193 31.371035 94.064412 17.769025 0.540614 1.766372 1.170472 37.662713 331.356259 63.461102 210511.843095 235155.560887 41023.961933 95213.991601 45161.765426 36987.323443 6062.867068 29111.287433 4070.789831 526.288409 1366.345991 443.128158 6573.660971 4462.209700 5669.437879 1369.313566 1164.781784 547.710143 37355.632605 2431.761339 1783.768082 95.358001 44.091371 191.253415 504.075534 2993.419828 82.259456 1915.717666 22520.689591 202362.177247 72298.145114 31610.122179 8714.059856 138.595752 0.000000 0.002766 0.000863 0.000000 0.000146 0.008450 0.000000 0.000000 0.000000 0.007254 0.000000 0.000000 0.000000 0.000000 0.000000 0.000000 0.000000 0.000000 0.000000 0.000000 0.000000 0.000000 0.000000 0.000000 0.000000 0.000000 0.000000 0.000000 0.000000 0.000000 0.000000 0.000000 0.000000 0.000000 0.000000 0.000000 0.000000 0.000000 0.000000 0.000000 0.000000 0.000000 0.000000 0.000000 0.000000 0.000000 0.000000 0.000000 0.000000 0.000000 0.000000 0.000000 0.000000 0.000000 0.000000 0.000000 0.000000 0.000000 0.000000 0.000000 0.000000 0.000000 0.000000 0.000000 0.000000 0.000000 0.000000 0.000000 0.000000 0.000000
5.110000e+03 5.884166 26.185644 22.369177 19.894408 1587.285286 1139.733580 404.142578 31.646033 94.554111 16.944570 0.518046 1.779512 1.205878 38.674102 356.608555 70.563860 215239.401668 248638.030270 41570.340492 94606.310378 46988.919994 36734.715759 6216.169853 29478.052815 4090.728433 535.652870 1433.632984 448.820622 6641.768398 4495.401002 5729.230507 1397.159729 1187.037765 558.817900 37840.158388 2469.962499 1824.619414 98.674149 44.409929 97.822374 14169.016193 2543.343236 21766.253932 1030.535139 23226.624115 201995.731849 72188.040619 32739.657956 9073.361631 142.867135 0.000000 0.002753 0.000820 0.000000 0.000144 0.008546 0.000000 0.000000 0.000000 0.007070 0.000000 0.000000 0.000000 0.000000 0.000000 0.000000 0.000000 0.000000 0.000000 0.000000 0.000000 0.000000 0.000000 0.000000 0.000000 0.000000 0.000000 0.000000 0.000000 0.000000 0.000000 0.000000 0.000000 0.000000 0.000000 0.000000 0.000000 0.000000 0.000000 0.000000 0.000000 0.000000 0.000000 0.000000 0.000000 0.000000 0.000000 0.000000 0.000000 0.000000 0.000000 0.000000 0.000000 0.000000 0.000000 0.000000 0.000000 0.000000 0.000000 0.000000 0.000000 0.000000 0.000000 0.000000 0.000000 0.000000 0.000000 0.000000 0.000000 0.000000
5.475000e+03 5.962360 25.817412 22.861240 19.740764 1586.959844 1086.723090 409.374435 31.915274 95.043550 16.243177 0.497169 1.791715 1.241616 39.678638 385.459514 78.362118 218286.325342 254722.777859 42033.241111 94103.860946 48524.132398 36400.328222 6387.451826 29810.490391 4114.544650 540.002981 1489.640232 451.963563 6707.911604 4525.202597 5787.686648 1420.766659 1207.589192 569.413434 38321.819131 2505.405307 1854.564902 102.068183 44.727721 84.141438 20869.494861 3025.472648 85.172648 706.362720 23452.613584 201489.099152 71952.632346 33839.153564 9388.961644 147.249566 0.000000 0.002706 0.000780 0.000000 0.000142 0.008642 0.000000 0.000000 0.000000 0.006809 0.000000 0.000000 0.000000 0.000000 0.000000 0.000000 0.000000 0.000000 0.000000 0.000000 0.000000 0.000000 0.000000 0.000000 0.000000 0.000000 0.000000 0.000000 0.000000 0.000000 0.000000 0.000000 0.000000 0.000000 0.000000 0.000000 0.000000 0.000000 0.000000 0.000000 0.000000 0.000000 0.000000 0.000000 0.000000 0.000000 0.000000 0.000000 0.000000 0.000000 0.000000 0.000000 0.000000 0.000000 0.000000 0.000000 0.000000 0.000000 0.000000 0.000000 0.000000 0.000000 0.000000 0.000000 0.000000 0.000000 0.000000 0.000000 0.000000 0.000000
5.840000e+03 6.034831 25.482297 23.331261 19.580043 1586.725342 1036.342307 414.328341 32.166337 95.504091 15.650360 0.478197 1.802536 1.277422 40.676124 408.723559 86.865846 219582.892307 254204.646685 42363.140910 93670.753145 49818.141383 36001.718951 6574.257694 30096.991187 4141.468567 540.464195 1524.959028 453.242429 6766.872866 4549.643006 5841.759718 1439.205562 1225.714019 579.281980 38794.341376 2537.976447 1872.605685 105.536589 45.046411 127.270162 5993.040760 2888.537770 21884.982047 1087.672230 23330.892044 200857.751918 71609.455606 34836.790596 9631.158679 151.744220 0.000000 0.002640 0.000741 0.000000 0.000140 0.008740 0.000000 0.000000 0.000000 0.006527 0.000000 0.000000 0.000000 0.000000 0.000000 0.000000 0.000000 0.000000 0.000000 0.000000 0.000000 0.000000 0.000000 0.000000 0.000000 0.000000 0.000000 0.000000 0.000000 0.000000 0.000000 0.000000 0.000000 0.000000 0.000000 0.000000 0.000000 0.000000 0.000000 0.000000 0.000000 0.000000 0.000000 0.000000 0.000000 0.000000 0.000000 0.000000 0.000000 0.000000 0.000000 0.000000 0.000000 0.000000 0.000000 0.000000 0.000000 0.000000 0.000000 0.000000 0.000000 0.000000 0.000000 0.000000 0.000000 0.000000 0.000000 0.000000 0.000000 0.000000
6.205000e+03 6.101456 25.169797 23.776129 19.420406 1585.675778 988.821032 419.034669 32.392608 95.927758 15.148909 0.460798 1.811635 1.313099 41.666953 447.395833 96.082560 219436.293919 251076.874400 42379.104698 93267.036982 50930.237061 35556.140077 6770.025790 30332.906763 4170.925718 538.594462 1539.846336 453.592588 6815.969656 4565.395932 5889.147079 1451.785776 1241.403184 588.356705 39231.039944 2567.668315 1879.373427 109.078713 45.366493 202.314833 194.573383 2587.828242 85.414385 1877.537290 22690.864129 200154.582281 71214.629922 35662.006273 9726.353150 156.354641 0.000000 0.002555 0.000705 0.000000 0.000138 0.008839 0.000000 0.000000 0.000000 0.006248 0.000000 0.000000 0.000000 0.000000 0.000000 0.000000 0.000000 0.000000 0.000000 0.000000 0.000000 0.000000 0.000000 0.000000 0.000000 0.000000 0.000000 0.000000 0.000000 0.000000 0.000000 0.000000 0.000000 0.000000 0.000000 0.000000 0.000000 0.000000 0.000000 0.000000 0.000000 0.000000 0.000000 0.000000 0.000000 0.000000 0.000000 0.000000 0.000000 0.000000 0.000000 0.000000 0.000000 0.000000 0.000000 0.000000 0.000000 0.000000 0.000000 0.000000 0.000000 0.000000 0.000000 0.000000 0.000000 0.000000 0.000000 0.000000 0.000000 0.000000
6.570000e+03 6.162119 24.877694 24.193758 19.265600 1583.346698 944.096574 423.525430 32.583463 96.265520 14.721420 0.443746 1.818823 1.348497 42.649707 479.598320 106.002613 217877.476406 247885.807984 42040.024272 92846.428557 51897.730898 35074.876355 6969.088549 30516.939916 4202.443913 535.793133 1538.280349 453.737972 6853.421866 4570.525121 5929.319286 1458.511637 1254.722130 596.635235 39587.579765 2594.612129 1876.054763 112.694032 45.687764 178.152743 5631.052668 2975.844715 21528.456922 1830.996787 21392.043064 199458.656177 70872.338662 36524.799632 9683.407059 161.081580 0.000000 0.002481 0.000670 0.000000 0.000136 0.008941 0.000000 0.000000 0.000000 0.005980 0.000000 0.000000 0.000000 0.000000 0.000000 0.000000 0.000000 0.000000 0.000000 0.000000 0.000000 0.000000 0.000000 0.000000 0.000000 0.000000 0.000000 0.000000 0.000000 0.000000 0.000000 0.000000 0.000000 0.000000 0.000000 0.000000 0.000000 0.000000 0.000000 0.000000 0.000000 0.000000 0.000000 0.000000 0.000000 0.000000 0.000000 0.000000 0.000000 0.000000 0.000000 0.000000 0.000000 0.000000 0.000000 0.000000 0.000000 0.000000 0.000000 0.000000 0.000000 0.000000 0.000000 0.000000 0.000000 0.000000 0.000000 0.000000 0.000000 0.000000
6.935000e+03 6.216764 24.602073 24.583127 19.117107 1579.605201 902.037680 427.870833 32.730807 96.490558 14.352504 0.427249 1.824139 1.383516 43.625363 510.213882 116.613759 215307.708564 245791.460098 41641.504593 92409.656680 52794.797117 34578.479548 7175.590559 30657.039885 4235.573323 533.874938 1530.512471 454.768882 6883.720942 4569.447663 5963.939366 1461.902146 1266.942301 604.369688 39861.141678 2619.142919 1866.420023 116.387995 46.011036 95.435460 38356.671916 2710.226104 83.720245 992.956499 19571.963720 198895.055170 70602.134265 37588.575976 9546.065255 165.926033 0.000000 0.002419 0.000638 0.000000 0.000134 0.009045 0.000000 0.000000 0.000000 0.005726 0.000000 0.000000 0.000000 0.000000 0.000000 0.000000 0.000000 0.000000 0.000000 0.000000 0.000000 0.000000 0.000000 0.000000 0.000000 0.000000 0.000000 0.000000 0.000000 0.000000 0.000000 0.000000 0.000000 0.000000 0.000000 0.000000 0.000000 0.000000 0.000000 0.000000 0.000000 0.000000 0.000000 0.000000 0.000000 0.000000 0.000000 0.000000 0.000000 0.000000 0.000000 0.000000 0.000000 0.000000 0.000000 0.000000 0.000000 0.000000 0.000000 0.000000 0.000000 0.000000 0.000000 0.000000 0.000000 0.000000 0.000000 0.000000 0.000000 0.000000
7.300000e+03 6.265378 24.353641 24.943868 18.974700 1574.331236 862.466221 432.099024 32.831043 96.598475 14.027575 0.412286 1.827731 1.418033 44.593902 528.710581 127.896616 212044.721253 244535.560924 41288.395594 91956.682974 53628.493191 34069.418054 7386.408122 30757.525008 4269.868150 533.440994 1521.148170 456.822983 6908.441611 4565.137682 5993.599329 1462.636018 1278.033435 611.590395 40037.709079 2641.546330 1851.885112 120.162580 46.338223 83.468152 14835.623751 2559.107992 20981.415234 712.879733 17428.202529 198596.534985 70412.100258 38750.138469 9365.179567 170.887228 0.000000 0.002361 0.000606 0.000000 0.000132 0.009151 0.000000 0.000000 0.000000 0.005488 0.000000 0.000000 0.000000 0.000000 0.000000 0.000000 0.000000 0.000000 0.000000 0.000000 0.000000 0.000000 0.000000 0.000000 0.000000 0.000000 0.000000 0.000000 0.000000 0.000000 0.000000 0.000000 0.000000 0.000000 0.000000 0.000000 0.000000 0.000000 0.000000 0.000000 0.000000 0.000000 0.000000 0.000000 0.000000 0.000000 0.000000 0.000000 0.000000 0.000000 0.000000 0.000000 0.000000 0.000000 0.000000 0.000000 0.000000 0.000000 0.000000 0.000000 0.000000 0.000000 0.000000 0.000000 0.000000 0.000000 0.000000 0.000000 0.000000 0.000000
7.665000e+03 6.307977 24.128900 25.278615 18.834214 1567.412362 825.710249 436.263033 32.885470 96.615165 13.734909 0.398946 1.829847 1.451903 45.555624 565.070485 139.830155 208269.043540 243319.255339 40813.399745 91480.631796 54372.643509 33541.633348 7598.693492 30820.122455 4304.898741 534.317729 1510.647862 459.600565 6927.228319 4556.545648 6018.284309 1459.918271 1287.771463 618.235383 40087.858896 2662.031207 1832.712922 124.017394 46.670798 128.189004 552.944348 2846.717797 81.416606 1092.000830 15169.188770 198614.955183 70307.582088 39802.749876 9163.995126 175.963125 0.000000 0.002287 0.000576 0.000000 0.000130 0.009261 0.000000 0.000000 0.000000 0.005269 0.000000 0.000000 0.000000 0.000000 0.000000 0.000000 0.000000 0.000000 0.000000 0.000000 0.000000 0.000000 0.000000 0.000000 0.000000 0.000000 0.000000 0.000000 0.000000 0.000000 0.000000 0.000000 0.000000 0.000000 0.000000 0.000000 0.000000 0.000000 0.000000 0.000000 0.000000 0.000000 0.000000 0.000000 0.000000 0.000000 0.000000 0.000000 0.000000 0.000000 0.000000 0.000000 0.000000 0.000000 0.000000 0.000000 0.000000 0.000000 0.000000 0.000000 0.000000 0.000000 0.000000 0.000000 0.000000 0.000000 0.000000 0.000000 0.000000 0.000000
8.030000e+03 6.344601 23.923121 25.585024 18.693306 1558.840664 791.571352 440.409924 32.886796 96.514833 13.466687 0.386951 1.830779 1.485010 46.509463 596.058691 152.369450 204057.254058 241023.383549 40143.762607 90961.056470 54978.108703 32988.655477 7814.326730 30847.959834 4340.272277 535.926469 1502.043229 462.561032 6937.996539 4541.276627 6037.976042 1453.092652 1295.869983 624.250702 39992.561220 2680.778126 1808.934514 127.949727 47.009357 191.671143 993.859801 2538.585767 20433.511478 1769.412654 12949.632800 198957.424944 70313.323139 40750.309289 8941.692304 181.150684 0.000000 0.002219 0.000548 0.000000 0.000127 0.009372 0.000000 0.000000 0.000000 0.005069 0.000000 0.000000 0.000000 0.000000 0.000000 0.000000 0.000000 0.000000 0.000000 0.000000 0.000000 0.000000 0.000000 0.000000 0.000000 0.000000 0.000000 0.000000 0.000000 0.000000 0.000000 0.000000 0.000000 0.000000 0.000000 0.000000 0.000000 0.000000 0.000000 0.000000 0.000000 0.000000 0.000000 0.000000 0.000000 0.000000 0.000000 0.000000 0.000000 0.000000 0.000000 0.000000 0.000000 0.000000 0.000000 0.000000 0.000000 0.000000 0.000000 0.000000 0.000000 0.000000 0.000000 0.000000 0.000000 0.000000 0.000000 0.000000 0.000000 0.000000
8.395000e+03 6.375343 23.726172 25.860537 18.550160 1548.815419 759.969925 444.577036 32.827153 96.283788 13.218737 0.376042 1.830872 1.517290 47.456110 625.258963 165.482006 199759.921397 237165.841654 39542.209209 90414.979444 55465.811447 32422.888640 8030.134376 30853.054139 4375.634159 538.458280 1491.109195 465.886448 6944.561860 4522.602072 6054.507059 1444.206861 1303.408671 629.865246 39800.251816 2698.089114 1783.285253 131.964677 47.353602 156.510065 34018.739554 2494.783734 78.980811 1612.659527 10929.912045 199608.660690 70459.439563 41695.582755 8712.994200 186.449172 0.000000 0.002165 0.000521 0.000000 0.000125 0.009487 0.000000 0.000000 0.000000 0.004887 0.000000 0.000000 0.000000 0.000000 0.000000 0.000000 0.000000 0.000000 0.000000 0.000000 0.000000 0.000000 0.000000 0.000000 0.000000 0.000000 0.000000 0.000000 0.000000 0.000000 0.000000 0.000000 0.000000 0.000000 0.000000 0.000000 0.000000 0.000000 0.000000 0.000000 0.000000 0.000000 0.000000 0.000000 0.000000 0.000000 0.000000 0.000000 0.000000 0.000000 0.000000 0.000000 0.000000 0.000000 0.000000 0.000000 0.000000 0.000000 0.000000 0.000000 0.000000 0.000000 0.000000 0.000000 0.000000 0.000000 0.000000 0.000000 0.000000 0.000000
8.760000e+03 6.400347 23.539778 26.104395 18.402992 1537.499150 730.606352 448.772010 32.703360 95.927281 12.987551 0.366104 1.830412 1.548656 48.395827 636.531450 179.135775 195657.019971 232145.070602 39146.497603 89842.036965 55835.763135 31849.967801 8246.898119 30843.940722 4410.625687 541.548805 1474.227020 469.341314 6949.146719 4504.117753 6068.919621 1434.351805 1310.507892 635.166739 39548.034980 2714.201729 1757.009822 136.065851 47.703308 86.593188 23085.312460 2684.774624 19863.189249 883.775733 9277.925331 200489.678693 70735.797166 42580.815782 8489.050984 191.857421 0.000000 0.002121 0.000495 0.000000 0.000123 0.009604 0.000000 0.000000 0.000000 0.004722 0.000000 0.000000 0.000000 0.000000 0.000000 0.000000 0.000000 0.000000 0.000000 0.000000 0.000000 0.000000 0.000000 0.000000 0.000000 0.000000 0.000000 0.000000 0.000000 0.000000 0.000000 0.000000 0.000000 0.000000 0.000000 0.000000 0.000000 0.000000 0.000000 0.000000 0.000000 0.000000 0.000000 0.000000 0.000000 0.000000 0.000000 0.000000 0.000000 0.000000 0.000000 0.000000 0.000000 0.000000 0.000000 0.000000 0.000000 0.000000 0.000000 0.000000 0.000000 0.000000 0.000000 0.000000 0.000000 0.000000 0.000000 0.000000 0.000000 0.000000
9.125000e+03 6.419785 23.368310 26.320618 18.251029 1524.986177 703.545812 452.998357 32.521881 95.492623 12.770542 0.357017 1.829636 1.579019 49.330184 662.249172 193.308868 191857.366083 226659.369722 38840.492083 89276.505344 56086.014917 31272.149308 8466.752297 30826.202799 4444.910672 544.506598 1450.998431 472.558715 6952.527764 4486.576677 6081.493274 1423.389075 1317.101814 640.155584 39254.283090 2729.241454 1730.365959 140.254951 48.058862 79.676914 3998.476501 2400.425349 76.621734 671.148944 8223.858495 201524.179161 71103.267965 43239.245069 8276.163425 197.373011 0.000000 0.002068 0.000471 0.000000 0.000120 0.009724 0.000000 0.000000 0.000000 0.004571 0.000000 0.000000 0.000000 0.000000 0.000000 0.000000 0.000000 0.000000 0.000000 0.000000 0.000000 0.000000 0.000000 0.000000 0.000000 0.000000 0.000000 0.000000 0.000000 0.000000 0.000000 0.000000 0.000000 0.000000 0.000000 0.000000 0.000000 0.000000 0.000000 0.000000 0.000000 0.000000 0.000000 0.000000 0.000000 0.000000 0.000000 0.000000 0.000000 0.000000 0.000000 0.000000 0.000000 0.000000 0.000000 0.000000 0.000000 0.000000 0.000000 0.000000 0.000000 0.000000 0.000000 0.000000 0.000000 0.000000 0.000000 0.000000 0.000000 0.000000
9.490000e+03 6.433843 23.209832 26.508340 18.091827 1511.322138 678.683690 457.254348 32.286938 94.991589 12.566144 0.348659 1.828711 1.608303 50.258506 685.451825 207.945763 188145.338311 221032.120812 38433.510136 88698.200021 56169.698798 30684.130898 8683.380515 30801.773854 4478.192333 546.205798 1419.661299 474.859325 6952.089982 4467.295081 6091.608042 1410.124315 1322.568031 644.718613 38910.959364 2743.244041 1702.260732 144.527609 48.420048 123.286896 144.572858 2427.758208 19384.377528 1029.407292 8127.295507 202676.951025 71526.876758 43571.023159 8072.848127 202.991025 0.000000 0.002011 0.000448 0.000000 0.000118 0.009846 0.000000 0.000000 0.000000 0.004436 0.000000 0.000000 0.000000 0.000000 0.000000 0.000000 0.000000 0.000000 0.000000 0.000000 0.000000 0.000000 0.000000 0.000000 0.000000 0.000000 0.000000 0.000000 0.000000 0.000000 0.000000 0.000000 0.000000 0.000000 0.000000 0.000000 0.000000 0.000000 0.000000 0.000000 0.000000 0.000000 0.000000 0.000000 0.000000 0.000000 0.000000 0.000000 0.000000 0.000000 0.000000 0.000000 0.000000 0.000000 0.000000 0.000000 0.000000 0.000000 0.000000 0.000000 0.000000 0.000000 0.000000 0.000000 0.000000 0.000000 0.000000 0.000000 0.000000 0.000000
9.855000e+03 6.442733 23.062251 26.670808 17.924189 1496.683551 655.978633 461.548104 32.002682 94.428678 12.374555 0.340994 1.827797 1.636494 51.180857 713.411614 222.987186 184499.081393 215812.361136 37991.221094 88114.684196 56101.516782 30094.357357 8897.822828 30774.256807 4510.229182 546.481154 1383.448830 476.305091 6948.718837 4445.914693 6099.930334 1395.241933 1327.467819 648.966054 38540.976887 2756.306030 1673.674275 148.884752 48.785680 174.854470 12322.176550 2519.397441 74.518075 1588.618612 9105.111232 203908.902103 71996.690787 43662.869516 7873.134572 208.707000 0.000000 0.001961 0.000426 0.000000 0.000115 0.009972 0.000000 0.000000 0.000000 0.004314 0.000000 0.000000 0.000000 0.000000 0.000000 0.000000 0.000000 0.000000 0.000000 0.000000 0.000000 0.000000 0.000000 0.000000 0.000000 0.000000 0.000000 0.000000 0.000000 0.000000 0.000000 0.000000 0.000000 0.000000 0.000000 0.000000 0.000000 0.000000 0.000000 0.000000 0.000000 0.000000 0.000000 0.000000 0.000000 0.000000 0.000000 0.000000 0.000000 0.000000 0.000000 0.000000 0.000000 0.000000 0.000000 0.000000 0.000000 0.000000 0.000000 0.000000 0.000000 0.000000 0.000000 0.000000 0.000000 0.000000 0.000000 0.000000 0.000000 0.000000
1.022000e+04 6.446701 22.926840 26.806410 17.748848 1481.289088 635.050926 465.880917 31.674312 93.805341 12.195999 0.333965 1.827004 1.663616 52.097734 718.112417 238.386438 181068.553138 211307.933770 37733.585553 87551.305536 55911.846365 29513.033451 9111.466474 30748.349873 4540.806678 545.520874 1347.106197 477.123187 6944.625434 4425.438558 6107.487169 1380.216823 1332.223645 653.037288 38182.344837 2768.558291 1645.916302 153.329486 49.154774 135.001200 32390.052948 2284.205163 18891.399761 1380.263091 10633.091955 205169.981507 72510.933543 43597.279190 7682.396018 214.516506 0.000000 0.001928 0.000405 0.000000 0.000113 0.010100 0.000000 0.000000 0.000000 0.004203 0.000000 0.000000 0.000000 0.000000 0.000000 0.000000 0.000000 0.000000 0.000000 0.000000 0.000000 0.000000 0.000000 0.000000 0.000000 0.000000 0.000000 0.000000 0.000000 0.000000 0.000000 0.000000 0.000000 0.000000 0.000000 0.000000 0.000000 0.000000 0.000000 0.000000 0.000000 0.000000 0.000000 0.000000 0.000000 0.000000 0.000000 0.000000 0.000000 0.000000 0.000000 0.000000 0.000000 0.000000 0.000000 0.000000 0.000000 0.000000 0.000000 0.000000 0.000000 0.000000 0.000000 0.000000 0.000000 0.000000 0.000000 0.000000 0.000000 0.000000
1.058500e+04 6.446021 22.803745 26.920456 17.567420 1465.283735 615.854441 470.227044 31.314414 93.167312 12.030008 0.327427 1.826397 1.689689 53.011325 731.342294 254.125898 178018.027593 207489.603578 37633.619158 87025.685679 55642.360662 28945.237628 9321.471831 30727.658236 4569.724421 543.485293 1313.931097 477.499154 6941.842958 4407.774623 6114.700283 1365.593111 1337.006869 657.000964 37859.183229 2780.083210 1619.660943 157.865302 49.527028 77.341372 10960.048937 2359.962544 72.473207 769.378354 11992.477610 206367.518231 73036.232277 43362.269276 7518.485131 220.414639 0.000000 0.001892 0.000385 0.000000 0.000110 0.010230 0.000000 0.000000 0.000000 0.004103 0.000000 0.000000 0.000000 0.000000 0.000000 0.000000 0.000000 0.000000 0.000000 0.000000 0.000000 0.000000 0.000000 0.000000 0.000000 0.000000 0.000000 0.000000 0.000000 0.000000 0.000000 0.000000 0.000000 0.000000 0.000000 0.000000 0.000000 0.000000 0.000000 0.000000 0.000000 0.000000 0.000000 0.000000 0.000000 0.000000 0.000000 0.000000 0.000000 0.000000 0.000000 0.000000 0.000000 0.000000 0.000000 0.000000 0.000000 0.000000 0.000000 0.000000 0.000000 0.000000 0.000000 0.000000 0.000000 0.000000 0.000000 0.000000 0.000000 0.000000
1.095000e+04 6.440962 22.691933 27.013252 17.381336 1448.675649 598.330765 474.564891 30.933352 92.536557 11.875552 0.321238 1.825970 1.714712 53.921473 744.086510 270.125316 175155.244019 203765.485014 37460.438253 86518.085091 55266.510125 28381.467549 9527.264528 30708.024709 4596.701066 539.814278 1281.732064 477.039002 6937.508927 4390.520159 6120.537137 1350.055241 1341.001965 660.720384 37542.030989 2790.875035 1593.452267 162.487002 49.903165 75.464014 167.558783 2377.522060 18485.757989 621.087993 12780.576836 207432.033476 73525.781788 42970.556304 7369.462061 226.393890 0.000000 0.001848 0.000366 0.000000 0.000108 0.010364 0.000000 0.000000 0.000000 0.004011 0.000000 0.000000 0.000000 0.000000 0.000000 0.000000 0.000000 0.000000 0.000000 0.000000 0.000000 0.000000 0.000000 0.000000 0.000000 0.000000 0.000000 0.000000 0.000000 0.000000 0.000000 0.000000 0.000000 0.000000 0.000000 0.000000 0.000000 0.000000 0.000000 0.000000 0.000000 0.000000 0.000000 0.000000 0.000000 0.000000 0.000000 0.000000 0.000000 0.000000 0.000000 0.000000 0.000000 0.000000 0.000000 0.000000 0.000000 0.000000 0.000000 0.000000 0.000000 0.000000 0.000000 0.000000 0.000000 0.000000 0.000000 0.000000 0.000000 0.000000
1.131500e+04 6.431793 22.591178 27.087524 17.191659 1431.574062 582.498834 478.884182 30.536952 91.912685 11.732674 0.315313 1.825737 1.738735 54.828230 768.353418 286.311202 172342.861633 199907.493145 37157.758177 86019.478106 54795.444322 27821.513720 9726.809343 30687.625322 4621.529789 534.654622 1249.834575 475.874882 6930.727015 4371.586760 6125.288603 1333.436642 1344.430102 664.223934 37218.631106 2800.995437 1567.310094 167.193153 50.284183 117.467215 2141.802552 2194.679675 70.729005 959.998053 12826.961525 208410.564911 73975.513008 42642.414550 7232.111656 232.447300 0.000000 0.001806 0.000348 0.000000 0.000105 0.010500 0.000000 0.000000 0.000000 0.003929 0.000000 0.000000 0.000000 0.000000 0.000000 0.000000 0.000000 0.000000 0.000000 0.000000 0.000000 0.000000 0.000000 0.000000 0.000000 0.000000 0.000000 0.000000 0.000000 0.000000 0.000000 0.000000 0.000000 0.000000 0.000000 0.000000 0.000000 0.000000 0.000000 0.000000 0.000000 0.000000 0.000000 0.000000 0.000000 0.000000 0.000000 0.000000 0.000000 0.000000 0.000000 0.000000 0.000000 0.000000 0.000000 0.000000 0.000000 0.000000 0.000000 0.000000 0.000000 0.000000 0.000000 0.000000 0.000000 0.000000 0.000000 0.000000 0.000000 0.000000
1.168000e+04 6.418796 22.499482 27.140645 16.999526 1414.146621 567.999826 483.196627 30.127556 91.275350 11.601563 0.309610 1.825710 1.761835 55.731654 769.195726 302.655915 169625.916943 196053.068561 36959.393379 85549.963884 54257.637052 27267.911405 9917.027515 30669.533761 4644.141765 528.597805 1218.931910 474.373765 6923.032091 4353.021773 6129.683749 1316.950137 1347.706225 667.627399 36903.361977 2810.583375 1542.137604 171.986284 50.670702 158.665108 29791.103665 2284.471908 18082.082310 1421.694599 12269.340314 209368.753848 74408.506473 42566.204172 7107.864992 238.568555 0.000000 0.001778 0.000331 0.000000 0.000103 0.010639 0.000000 0.000000 0.000000 0.003854 0.000000 0.000000 0.000000 0.000000 0.000000 0.000000 0.000000 0.000000 0.000000 0.000000 0.000000 0.000000 0.000000 0.000000 0.000000 0.000000 0.000000 0.000000 0.000000 0.000000 0.000000 0.000000 0.000000 0.000000 0.000000 0.000000 0.000000 0.000000 0.000000 0.000000 0.000000 0.000000 0.000000 0.000000 0.000000 0.000000 0.000000 0.000000 0.000000 0.000000 0.000000 0.000000 0.000000 0.000000 0.000000 0.000000 0.000000 0.000000 0.000000 0.000000 0.000000 0.000000 0.000000 0.000000 0.000000 0.000000 0.000000 0.000000 0.000000 0.000000
1.204500e+04 6.402258 22.414730 27.176596 16.806750 1396.528694 554.739157 487.480750 29.713375 90.650297 11.481682 0.304097 1.825883 1.784078 56.634193 774.613739 319.139569 167187.463208 192506.959819 36952.747909 85134.321976 53707.205688 26719.074628 10100.411332 30655.501513 4664.435084 522.325607 1189.857609 472.961668 6917.011141 4337.303415 6134.301601 1301.531660 1351.221893 671.040964 36617.613168 2819.746254 1518.923001 176.872320 51.062349 116.836709 15496.750288 2253.534190 69.041814 1184.651601 11270.944201 210239.514112 74814.761675 42689.041764 6993.466124 244.751720 0.000000 0.001753 0.000315 0.000000 0.000100 0.010781 0.000000 0.000000 0.000000 0.003785 0.000000 0.000000 0.000000 0.000000 0.000000 0.000000 0.000000 0.000000 0.000000 0.000000 0.000000 0.000000 0.000000 0.000000 0.000000 0.000000 0.000000 0.000000 0.000000 0.000000 0.000000 0.000000 0.000000 0.000000 0.000000 0.000000 0.000000 0.000000 0.000000 0.000000 0.000000 0.000000 0.000000 0.000000 0.000000 0.000000 0.000000 0.000000 0.000000 0.000000 0.000000 0.000000 0.000000 0.000000 0.000000 0.000000 0.000000 0.000000 0.000000 0.000000 0.000000 0.000000 0.000000 0.000000 0.000000 0.000000 0.000000 0.000000 0.000000 0.000000
1.241000e+04 6.382452 22.337020 27.196215 16.614611 1378.727573 542.668389 491.733148 29.302266 90.054989 11.371624 0.298759 1.826196 1.805484 57.536004 776.398608 335.737936 164951.441939 189130.913296 36947.467174 84751.978384 53129.609932 26166.912235 10276.601303 30640.362046 4682.331197 515.637510 1160.313795 471.397995 6911.291825 4323.287366 6138.284703 1286.262120 1354.278081 674.360724 36345.886769 2828.464159 1496.524337 181.847250 51.458588 69.581063 1699.062767 2130.280746 17740.182525 672.758268 10034.640848 210929.608796 75163.570989 42854.379116 6888.002702 250.988297 0.000000 0.001723 0.000300 0.000000 0.000098 0.010926 0.000000 0.000000 0.000000 0.003722 0.000000 0.000000 0.000000 0.000000 0.000000 0.000000 0.000000 0.000000 0.000000 0.000000 0.000000 0.000000 0.000000 0.000000 0.000000 0.000000 0.000000 0.000000 0.000000 0.000000 0.000000 0.000000 0.000000 0.000000 0.000000 0.000000 0.000000 0.000000 0.000000 0.000000 0.000000 0.000000 0.000000 0.000000 0.000000 0.000000 0.000000 0.000000 0.000000 0.000000 0.000000 0.000000 0.000000 0.000000 0.000000 0.000000 0.000000 0.000000 0.000000 0.000000 0.000000 0.000000 0.000000 0.000000 0.000000 0.000000 0.000000 0.000000 0.000000 0.000000
1.277500e+04 6.359632 22.266370 27.202413 16.423707 1360.770185 531.833844 495.949417 28.899145 89.494290 11.270608 0.293591 1.826612 1.826092 58.437421 796.889039 352.433263 162780.067173 185842.583856 36783.095296 84385.529686 52524.115401 25612.635997 10442.216051 30620.947000 4697.787899 508.543669 1129.354064 469.651441 6904.493312 4308.480676 6141.276520 1270.439143 1356.819327 677.555012 36071.982820 2836.723608 1474.393381 186.907611 51.859230 72.087840 322.919199 2213.392563 67.615799 579.337925 8723.227815 211471.734577 75454.668075 43013.293852 6784.842381 257.269546 0.000000 0.001686 0.000286 0.000000 0.000095 0.011074 0.000000 0.000000 0.000000 0.003665 0.000000 0.000000 0.000000 0.000000 0.000000 0.000000 0.000000 0.000000 0.000000 0.000000 0.000000 0.000000 0.000000 0.000000 0.000000 0.000000 0.000000 0.000000 0.000000 0.000000 0.000000 0.000000 0.000000 0.000000 0.000000 0.000000 0.000000 0.000000 0.000000 0.000000 0.000000 0.000000 0.000000 0.000000 0.000000 0.000000 0.000000 0.000000 0.000000 0.000000 0.000000 0.000000 0.000000 0.000000 0.000000 0.000000 0.000000 0.000000 0.000000 0.000000 0.000000 0.000000 0.000000 0.000000 0.000000 0.000000 0.000000 0.000000 0.000000 0.000000
1.314000e+04 6.334040 22.201097 27.194018 16.234329 1342.738706 521.988843 500.143441 28.503272 88.940211 11.178291 0.288575 1.827107 1.845967 59.337624 799.419508 369.199848 160589.784549 182652.837407 36592.092448 84032.336855 51889.589544 25062.847550 10598.426119 30597.380529 4710.788304 501.253501 1097.301820 467.799184 6896.211503 4292.702277 6143.570979 1254.417967 1358.949746 680.658624 35793.727796 2844.565983 1452.583483 192.051244 52.264866 112.564939 15924.205037 2145.179479 17419.422034 903.925353 7435.497888 211982.134440 75716.793295 43235.803317 6683.605998 263.586750 0.000000 0.001660 0.000272 0.000000 0.000093 0.011224 0.000000 0.000000 0.000000 0.003613 0.000000 0.000000 0.000000 0.000000 0.000000 0.000000 0.000000 0.000000 0.000000 0.000000 0.000000 0.000000 0.000000 0.000000 0.000000 0.000000 0.000000 0.000000 0.000000 0.000000 0.000000 0.000000 0.000000 0.000000 0.000000 0.000000 0.000000 0.000000 0.000000 0.000000 0.000000 0.000000 0.000000 0.000000 0.000000 0.000000 0.000000 0.000000 0.000000 0.000000 0.000000 0.000000 0.000000 0.000000 0.000000 0.000000 0.000000 0.000000 0.000000 0.000000 0.000000 0.000000 0.000000 0.000000 0.000000 0.000000 0.000000 0.000000 0.000000 0.000000
1.350500e+04 6.305921 22.141995 27.173226 16.047270 1324.765001 513.037619 504.321991 28.117203 88.400096 11.094348 0.283696 1.827681 1.865192 60.238545 802.920658 386.047583 158554.941061 179853.590811 36571.013510 83717.504560 51275.892278 24528.905133 10746.865563 30573.426358 4721.322270 494.434541 1067.182446 466.281915 6889.408771 4278.798119 6146.199455 1239.528559 1361.356440 683.818444 35538.764801 2852.065782 1432.408061 197.285055 52.675603 144.807931 23231.944047 2072.707389 66.238741 1283.249981 6268.506940 212517.628566 75969.219689 43519.790213 6588.135120 269.932805 0.000000 0.001641 0.000259 0.000000 0.000090 0.011378 0.000000 0.000000 0.000000 0.003566 0.000000 0.000000 0.000000 0.000000 0.000000 0.000000 0.000000 0.000000 0.000000 0.000000 0.000000 0.000000 0.000000 0.000000 0.000000 0.000000 0.000000 0.000000 0.000000 0.000000 0.000000 0.000000 0.000000 0.000000 0.000000 0.000000 0.000000 0.000000 0.000000 0.000000 0.000000 0.000000 0.000000 0.000000 0.000000 0.000000 0.000000 0.000000 0.000000 0.000000 0.000000 0.000000 0.000000 0.000000 0.000000 0.000000 0.000000 0.000000 0.000000 0.000000 0.000000 0.000000 0.000000 0.000000 0.000000 0.000000 0.000000 0.000000 0.000000 0.000000
1.387000e+04 6.275510 22.087123 27.141205 15.863233 1306.873734 504.856599 508.480897 27.744843 87.887273 11.017566 0.278959 1.828294 1.883788 61.140726 795.796285 402.975343 156704.331699 177335.644661 36655.151784 83436.807930 50681.717977 24008.317977 10886.130555 30548.336346 4729.387990 487.998388 1039.230128 464.961120 6884.256164 4267.483865 6148.969166 1225.569058 1363.620324 686.996218 35303.286648 2859.209238 1413.474403 202.607715 53.090677 102.105804 6822.297206 2145.393080 17117.859943 1026.140495 5349.542710 213010.899180 76201.760618 43739.836637 6501.506084 276.298826 0.000000 0.001621 0.000246 0.000000 0.000088 0.011535 0.000000 0.000000 0.000000 0.003524 0.000000 0.000000 0.000000 0.000000 0.000000 0.000000 0.000000 0.000000 0.000000 0.000000 0.000000 0.000000 0.000000 0.000000 0.000000 0.000000 0.000000 0.000000 0.000000 0.000000 0.000000 0.000000 0.000000 0.000000 0.000000 0.000000 0.000000 0.000000 0.000000 0.000000 0.000000 0.000000 0.000000 0.000000 0.000000 0.000000 0.000000 0.000000 0.000000 0.000000 0.000000 0.000000 0.000000 0.000000 0.000000 0.000000 0.000000 0.000000 0.000000 0.000000 0.000000 0.000000 0.000000 0.000000 0.000000 0.000000 0.000000 0.000000 0.000000 0.000000
1.423500e+04 6.243017 22.038283 27.100771 15.682416 1289.049124 497.573093 512.607279 27.390477 87.419691 10.946856 0.274372 1.828910 1.901767 62.044942 812.909105 419.980361 154952.599720 174888.588861 36620.743335 83172.562673 50100.335565 23496.315878 11017.740548 30520.524162 4735.012001 481.696817 1012.532920 463.654600 6879.362951 4256.534187 6151.343628 1211.587569 1365.493815 690.130995 35071.016139 2865.952267 1395.088706 208.015015 53.509014 63.503760 102.394599 2061.742756 65.025440 595.688510 4952.584821 213395.191100 76400.747198 43774.055869 6416.588216 282.675314 0.000000 0.001591 0.000234 0.000000 0.000085 0.011694 0.000000 0.000000 0.000000 0.003485 0.000000 0.000000 0.000000 0.000000 0.000000 0.000000 0.000000 0.000000 0.000000 0.000000 0.000000 0.000000 0.000000 0.000000 0.000000 0.000000 0.000000 0.000000 0.000000 0.000000 0.000000 0.000000 0.000000 0.000000 0.000000 0.000000 0.000000 0.000000 0.000000 0.000000 0.000000 0.000000 0.000000 0.000000 0.000000 0.000000 0.000000 0.000000 0.000000 0.000000 0.000000 0.000000 0.000000 0.000000 0.000000 0.000000 0.000000 0.000000 0.000000 0.000000 0.000000 0.000000 0.000000 0.000000 0.000000 0.000000 0.000000 0.000000 0.000000 0.000000
1.460000e+04 6.208623 21.994122 27.051639 15.504524 1271.297588 491.051421 516.712379 27.051746 86.967415 10.881684 0.269936 1.829504 1.919152 62.949661 818.728362 437.039955 153138.701557 172306.375392 36427.528315 82902.230574 49504.239557 22990.359036 11139.435496 30488.373899 4738.292434 475.249667 985.537764 462.146470 6872.624462 4243.693465 6153.057170 1197.048147 1366.727520 693.179050 34827.430963 2872.283926 1376.588262 213.499146 53.930077 69.678483 3947.607978 2022.693547 16858.912541 547.589834 5698.531697 213731.625720 76579.668071 43659.800473 6323.906857 289.052238 0.000000 0.001565 0.000223 0.000000 0.000083 0.011857 0.000000 0.000000 0.000000 0.003451 0.000000 0.000000 0.000000 0.000000 0.000000 0.000000 0.000000 0.000000 0.000000 0.000000 0.000000 0.000000 0.000000 0.000000 0.000000 0.000000 0.000000 0.000000 0.000000 0.000000 0.000000 0.000000 0.000000 0.000000 0.000000 0.000000 0.000000 0.000000 0.000000 0.000000 0.000000 0.000000 0.000000 0.000000 0.000000 0.000000 0.000000 0.000000 0.000000 0.000000 0.000000 0.000000 0.000000 0.000000 0.000000 0.000000 0.000000 0.000000 0.000000 0.000000 0.000000 0.000000 0.000000 0.000000 0.000000 0.000000 0.000000 0.000000 0.000000 0.000000
1.496500e+04 6.172497 21.954514 26.994069 15.329950 1253.734386 485.178007 520.829815 26.726954 86.521016 10.822164 0.265661 1.830102 1.936013 63.855925 824.121658 454.171313 151387.877286 169872.931204 36338.749687 82645.500069 48931.469748 22499.905084 11251.640779 30455.962352 4739.384592 469.169960 959.697614 460.834634 6866.770919 4231.665449 6155.274949 1183.388409 1368.156048 696.298501 34598.293269 2878.278608 1359.263357 219.066768 54.353682 108.722255 27854.222948 2072.092887 63.882748 859.555640 7306.429008 214188.534973 76765.375386 43434.809494 6234.210749 295.422283 0.000000 0.001547 0.000212 0.000000 0.000080 0.012022 0.000000 0.000000 0.000000 0.003420 0.000000 0.000000 0.000000 0.000000 0.000000 0.000000 0.000000 0.000000 0.000000 0.000000 0.000000 0.000000 0.000000 0.000000 0.000000 0.000000 0.000000 0.000000 0.000000 0.000000 0.000000 0.000000 0.000000 0.000000 0.000000 0.000000 0.000000 0.000000 0.000000 0.000000 0.000000 0.000000 0.000000 0.000000 0.000000 0.000000 0.000000 0.000000 0.000000 0.000000 0.000000 0.000000 0.000000 0.000000 0.000000 0.000000 0.000000 0.000000 0.000000 0.000000 0.000000 0.000000 0.000000 0.000000 0.000000 0.000000 0.000000 0.000000 0.000000 0.000000
1.533000e+04 6.134797 21.917836 26.928886 15.159396 1236.398372 479.767388 524.949670 26.416570 86.086640 10.767594 0.261545 1.830699 1.952372 64.764228 812.453165 471.308579 149792.255700 167674.967458 36428.584151 82413.793155 48391.513907 22025.998289 11357.076175 30423.873045 4738.360369 463.485114 935.456135 459.712747 6863.017769 4222.521301 6158.276273 1170.973078 1369.637037 699.512667 34391.371986 2883.966050 1343.230849 224.719227 54.780054 132.846533 12180.666728 1991.835899 16589.192853 1167.414708 9010.595018 214777.784178 76956.571819 43066.826080 6153.047338 301.777345 0.000000 0.001534 0.000202 0.000000 0.000078 0.012191 0.000000 0.000000 0.000000 0.003392 0.000000 0.000000 0.000000 0.000000 0.000000 0.000000 0.000000 0.000000 0.000000 0.000000 0.000000 0.000000 0.000000 0.000000 0.000000 0.000000 0.000000 0.000000 0.000000 0.000000 0.000000 0.000000 0.000000 0.000000 0.000000 0.000000 0.000000 0.000000 0.000000 0.000000 0.000000 0.000000 0.000000 0.000000 0.000000 0.000000 0.000000 0.000000 0.000000 0.000000 0.000000 0.000000 0.000000 0.000000 0.000000 0.000000 0.000000 0.000000 0.000000 0.000000 0.000000 0.000000 0.000000 0.000000 0.000000 0.000000 0.000000 0.000000 0.000000 0.000000
1.569500e+04 6.095672 21.885288 26.859170 14.992266 1219.271879 474.990672 529.063776 26.124179 85.692670 10.717083 0.257589 1.831278 1.968218 65.675906 824.473296 488.485062 148336.676118 165643.909466 36483.963218 82200.819089 47883.806322 21565.414051 11455.311395 30390.837114 4735.400380 457.973534 912.187732 458.646754 6860.782660 4215.071929 6161.731242 1159.050762 1370.951603 702.782139 34198.444610 2889.365201 1328.005987 230.453726 55.209017 90.215481 741.471491 1982.872572 62.817434 897.936792 10216.776621 215346.293467 77132.437641 42559.078582 6087.772519 308.108851 0.000000 0.001511 0.000192 0.000000 0.000075 0.012363 0.000000 0.000000 0.000000 0.003368 0.000000 0.000000 0.000000 0.000000 0.000000 0.000000 0.000000 0.000000 0.000000 0.000000 0.000000 0.000000 0.000000 0.000000 0.000000 0.000000 0.000000 0.000000 0.000000 0.000000 0.000000 0.000000 0.000000 0.000000 0.000000 0.000000 0.000000 0.000000 0.000000 0.000000 0.000000 0.000000 0.000000 0.000000 0.000000 0.000000 0.000000 0.000000 0.000000 0.000000 0.000000 0.000000 0.000000 0.000000 0.000000 0.000000 0.000000 0.000000 0.000000 0.000000 0.000000 0.000000 0.000000 0.000000 0.000000 0.000000 0.000000 0.000000 0.000000 0.000000
1.606000e+04 6.055262 21.856734 26.784615 14.827815 1202.319817 470.743283 533.171620 25.847752 85.318930 10.670044 0.253785 1.831814 1.983536 66.589497 829.909661 505.715656 146844.273767 163539.681184 36344.894107 81979.940186 47371.303095 21111.338883 11546.285575 30354.361981 4730.733640 452.191110 887.948362 457.319274 6857.404413 4206.322725 6165.052070 1146.598560 1371.624085 706.022164 33997.164894 2894.531644 1312.535777 236.258856 55.640725 58.808932 685.500360 2005.433382 16373.483454 534.573732 10726.143179 215779.726710 77288.568756 42080.993570 6031.293990 314.407171 0.000000 0.001488 0.000183 0.000000 0.000073 0.012539 0.000000 0.000000 0.000000 0.003347 0.000000 0.000000 0.000000 0.000000 0.000000 0.000000 0.000000 0.000000 0.000000 0.000000 0.000000 0.000000 0.000000 0.000000 0.000000 0.000000 0.000000 0.000000 0.000000 0.000000 0.000000 0.000000 0.000000 0.000000 0.000000 0.000000 0.000000 0.000000 0.000000 0.000000 0.000000 0.000000 0.000000 0.000000 0.000000 0.000000 0.000000 0.000000 0.000000 0.000000 0.000000 0.000000 0.000000 0.000000 0.000000 0.000000 0.000000 0.000000 0.000000 0.000000 0.000000 0.000000 0.000000 0.000000 0.000000 0.000000 0.000000 0.000000 0.000000 0.000000
1.642500e+04 6.013707 21.830762 26.705911 14.665995 1185.612735 466.972836 537.286350 25.584314 84.951066 10.626698 0.250122 1.832326 1.998373 67.505675 838.785257 523.027101 145356.621200 161513.076043 36204.937812 81759.104276 46873.258045 20668.921695 11631.616837 30317.313475 4724.580110 446.456123 863.863455 456.003418 6854.485623 4197.468660 6169.060092 1134.534107 1372.312979 709.342077 33802.163949 2899.623790 1297.664653 242.137632 56.076601 68.109602 21224.436555 1930.187704 61.861253 524.167574 10544.787776 216150.218713 77446.559039 41828.930462 5976.201305 320.665546 0.000000 0.001470 0.000174 0.000000 0.000070 0.012717 0.000000 0.000000 0.000000 0.003329 0.000000 0.000000 0.000000 0.000000 0.000000 0.000000 0.000000 0.000000 0.000000 0.000000 0.000000 0.000000 0.000000 0.000000 0.000000 0.000000 0.000000 0.000000 0.000000 0.000000 0.000000 0.000000 0.000000 0.000000 0.000000 0.000000 0.000000 0.000000 0.000000 0.000000 0.000000 0.000000 0.000000 0.000000 0.000000 0.000000 0.000000 0.000000 0.000000 0.000000 0.000000 0.000000 0.000000 0.000000 0.000000 0.000000 0.000000 0.000000 0.000000 0.000000 0.000000 0.000000 0.000000 0.000000 0.000000 0.000000 0.000000 0.000000 0.000000 0.000000
1.679000e+04 5.971137 21.807655 26.622162 14.506818 1169.200176 463.465704 541.403760 25.332295 84.583822 10.586849 0.246592 1.832818 2.012754 68.424698 825.945815 540.447208 143965.988977 159679.120367 36239.076386 81552.506984 46403.366262 20239.960336 11710.786494 30281.386031 4717.117960 440.935493 841.173236 454.805528 6853.615438 4191.117604 6174.305137 1123.619864 1373.106394 712.795489 33625.077347 2904.764105 1283.822143 248.092444 56.518251 105.624391 18933.849156 1940.877498 16135.609870 824.797357 9868.753374 216568.461228 77618.054530 41823.030425 5926.363693 326.877616 0.000000 0.001460 0.000166 0.000000 0.000068 0.012899 0.000000 0.000000 0.000000 0.003314 0.000000 0.000000 0.000000 0.000000 0.000000 0.000000 0.000000 0.000000 0.000000 0.000000 0.000000 0.000000 0.000000 0.000000 0.000000 0.000000 0.000000 0.000000 0.000000 0.000000 0.000000 0.000000 0.000000 0.000000 0.000000 0.000000 0.000000 0.000000 0.000000 0.000000 0.000000 0.000000 0.000000 0.000000 0.000000 0.000000 0.000000 0.000000 0.000000 0.000000 0.000000 0.000000 0.000000 0.000000 0.000000 0.000000 0.000000 0.000000 0.000000 0.000000 0.000000 0.000000 0.000000 0.000000 0.000000 0.000000 0.000000 0.000000 0.000000 0.000000
1.715500e+04 5.927682 21.787673 26.536746 14.350563 1153.089759 460.354460 545.521522 25.094660 84.246164 10.550008 0.243192 1.833295 2.026683 69.348423 830.015807 558.017236 142740.403035 158072.844971 36358.796180 81371.874967 45972.161880 19823.243308 11785.653606 30245.722273 4708.476593 435.669747 820.614437 453.764389 6855.467341 4187.848129 6180.849327 1113.758685 1374.018125 716.391418 33466.821449 2910.014184 1271.073173 254.125182 56.965822 122.362770 4291.419227 1946.977845 60.918547 1069.573113 8872.877520 217016.718126 77790.922939 41939.096637 5882.351445 333.036617 0.000000 0.001445 0.000158 0.000000 0.000065 0.013085 0.000000 0.000000 0.000000 0.003302 0.000000 0.000000 0.000000 0.000000 0.000000 0.000000 0.000000 0.000000 0.000000 0.000000 0.000000 0.000000 0.000000 0.000000 0.000000 0.000000 0.000000 0.000000 0.000000 0.000000 0.000000 0.000000 0.000000 0.000000 0.000000 0.000000 0.000000 0.000000 0.000000 0.000000 0.000000 0.000000 0.000000 0.000000 0.000000 0.000000 0.000000 0.000000 0.000000 0.000000 0.000000 0.000000 0.000000 0.000000 0.000000 0.000000 0.000000 0.000000 0.000000 0.000000 0.000000 0.000000 0.000000 0.000000 0.000000 0.000000 0.000000 0.000000 0.000000 0.000000
1.752000e+04 5.883442 21.770500 26.449259 14.197172 1137.222568 457.579744 549.635889 24.871630 83.935991 10.515489 0.239915 1.833733 2.040134 70.276127 832.697974 575.736241 141532.226493 156424.688167 36336.257873 81199.870408 45546.005340 19407.131244 11856.331424 30207.349320 4698.789308 430.207514 800.460999 452.535496 6857.471371 4184.671461 6187.845920 1103.650925 1374.388987 720.012469 33303.579280 2915.389969 1258.248455 260.222723 57.418249 80.512833 129.863171 1883.808403 15952.252514 793.456643 7736.888013 217407.229163 77948.347378 42068.929952 5839.762378 339.134827 0.000000 0.001424 0.000151 0.000000 0.000063 0.013274 0.000000 0.000000 0.000000 0.003293 0.000000 0.000000 0.000000 0.000000 0.000000 0.000000 0.000000 0.000000 0.000000 0.000000 0.000000 0.000000 0.000000 0.000000 0.000000 0.000000 0.000000 0.000000 0.000000 0.000000 0.000000 0.000000 0.000000 0.000000 0.000000 0.000000 0.000000 0.000000 0.000000 0.000000 0.000000 0.000000 0.000000 0.000000 0.000000 0.000000 0.000000 0.000000 0.000000 0.000000 0.000000 0.000000 0.000000 0.000000 0.000000 0.000000 0.000000 0.000000 0.000000 0.000000 0.000000 0.000000 0.000000 0.000000 0.000000 0.000000 0.000000 0.000000 0.000000 0.000000
1.788500e+04 5.838497 21.755679 26.361383 14.046260 1121.609969 455.203438 553.753394 24.660949 83.638944 10.483363 0.236753 1.834142 2.053126 71.207607 846.760742 593.617653 140293.704232 154711.283504 36170.910891 81024.912305 45121.965590 18987.653389 11922.502436 30167.041114 4688.201761 424.603454 780.493044 451.184103 6858.961104 4180.053875 6195.396145 1093.245358 1374.500447 723.680630 33133.918099 2920.980154 1245.426344 266.380772 57.874889 55.250683 7420.578874 1898.478653 60.120897 486.749671 6578.394920 217746.234960 78098.013728 42264.476362 5794.188784 345.166862 0.000000 0.001404 0.000143 0.000000 0.000060 0.013466 0.000000 0.000000 0.000000 0.003286 0.000000 0.000000 0.000000 0.000000 0.000000 0.000000 0.000000 0.000000 0.000000 0.000000 0.000000 0.000000 0.000000 0.000000 0.000000 0.000000 0.000000 0.000000 0.000000 0.000000 0.000000 0.000000 0.000000 0.000000 0.000000 0.000000 0.000000 0.000000 0.000000 0.000000 0.000000 0.000000 0.000000 0.000000 0.000000 0.000000 0.000000 0.000000 0.000000 0.000000 0.000000 0.000000 0.000000 0.000000 0.000000 0.000000 0.000000 0.000000 0.000000 0.000000 0.000000 0.000000 0.000000 0.000000 0.000000 0.000000 0.000000 0.000000 0.000000 0.000000
1.825000e+04 5.792931 21.742171 26.270343 13.897690 1106.304739 452.965555 557.889464 24.458883 83.332630 10.453786 0.233698 1.834539 2.065696 72.142406 836.181246 611.634675 139080.952539 153061.848281 36110.952380 80854.141512 44712.049156 18569.230911 11983.782723 30126.395824 4676.719857 419.100630 761.318905 449.870017 6861.231023 4176.554811 6204.127870 1083.575729 1374.637906 727.461451 32971.005383 2926.905952 1233.147073 272.600764 58.336706 67.158798 27109.933265 1887.286528 15744.090686 507.488891 5500.774628 218115.672197 78268.623880 42561.372053 5750.150880 351.128929 0.000000 0.001394 0.000137 0.000000 0.000058 0.013662 0.000000 0.000000 0.000000 0.003283 0.000000 0.000000 0.000000 0.000000 0.000000 0.000000 0.000000 0.000000 0.000000 0.000000 0.000000 0.000000 0.000000 0.000000 0.000000 0.000000 0.000000 0.000000 0.000000 0.000000 0.000000 0.000000 0.000000 0.000000 0.000000 0.000000 0.000000 0.000000 0.000000 0.000000 0.000000 0.000000 0.000000 0.000000 0.000000 0.000000 0.000000 0.000000 0.000000 0.000000 0.000000 0.000000 0.000000 0.000000 0.000000 0.000000 0.000000 0.000000 0.000000 0.000000 0.000000 0.000000 0.000000 0.000000 0.000000 0.000000 0.000000 0.000000 0.000000 0.000000
1.861500e+04 5.746852 21.732285 26.178987 13.751907 1091.343584 450.937524 562.035798 24.267212 83.040749 10.426569 0.230750 1.834941 2.077863 73.082571 835.387048 629.859984 138022.138527 151640.582941 36213.042443 80703.906605 44339.627459 18152.278894 12041.996738 30087.558207 4664.440906 413.968647 744.106044 448.785638 6866.331433 4176.375538 6214.489260 1075.188887 1375.069046 731.411815 32827.795261 2933.232834 1222.000913 278.889689 58.804573 102.990530 10340.044612 1842.935825 59.272624 796.431280 4556.193997 218553.641383 78456.107721 42850.147398 5711.916102 357.018820 0.000000 0.001383 0.000130 0.000000 0.000056 0.013862 0.000000 0.000000 0.000000 0.003281 0.000000 0.000000 0.000000 0.000000 0.000000 0.000000 0.000000 0.000000 0.000000 0.000000 0.000000 0.000000 0.000000 0.000000 0.000000 0.000000 0.000000 0.000000 0.000000 0.000000 0.000000 0.000000 0.000000 0.000000 0.000000 0.000000 0.000000 0.000000 0.000000 0.000000 0.000000 0.000000 0.000000 0.000000 0.000000 0.000000 0.000000 0.000000 0.000000 0.000000 0.000000 0.000000 0.000000 0.000000 0.000000 0.000000 0.000000 0.000000 0.000000 0.000000 0.000000 0.000000 0.000000 0.000000 0.000000 0.000000 0.000000 0.000000 0.000000 0.000000
1.898000e+04 5.700289 21.725129 26.087172 13.609092 1076.662601 449.117760 566.183102 24.087615 82.774373 10.401019 0.227903 1.835328 2.089603 74.027819 833.956533 648.320715 137017.021173 150247.864931 36245.614136 80563.870021 43977.917899 17731.771406 12096.617972 30047.989198 4651.492087 408.834015 727.140254 447.624041 6872.385389 4177.301823 6225.627564 1066.891785 1375.105787 735.415605 32684.269011 2939.945685 1210.968067 285.234832 59.277796 112.867530 308.000591 1860.499850 15568.340440 984.246638 3851.185736 218986.642583 78635.248551 42996.203930 5676.534830 362.832410 0.000000 0.001366 0.000124 0.000000 0.000054 0.014065 0.000000 0.000000 0.000000 0.003282 0.000000 0.000000 0.000000 0.000000 0.000000 0.000000 0.000000 0.000000 0.000000 0.000000 0.000000 0.000000 0.000000 0.000000 0.000000 0.000000 0.000000 0.000000 0.000000 0.000000 0.000000 0.000000 0.000000 0.000000 0.000000 0.000000 0.000000 0.000000 0.000000 0.000000 0.000000 0.000000 0.000000 0.000000 0.000000 0.000000 0.000000 0.000000 0.000000 0.000000 0.000000 0.000000 0.000000 0.000000 0.000000 0.000000 0.000000 0.000000 0.000000 0.000000 0.000000 0.000000 0.000000 0.000000 0.000000 0.000000 0.000000 0.000000 0.000000 0.000000
1.934500e+04 5.653233 21.720581 25.996982 13.469043 1062.244368 447.619421 570.331407 23.919230 82.525447 10.377062 0.225153 1.835706 2.100926 74.978036 849.355499 667.040241 135967.844056 148794.277891 36087.085134 80423.561575 43617.409178 17307.798127 12149.610396 30007.143025 4638.005082 403.616832 709.798148 446.344579 6877.996359 4176.576206 6237.248664 1058.102498 1374.813671 739.449509 32532.538399 2947.076124 1199.793662 291.628028 59.754405 72.514837 1424.090797 1834.800477 58.537105 706.740637 4137.649745 219356.978051 78793.330168 43018.286735 5632.386701 368.567088 0.000000 0.001347 0.000118 0.000000 0.000051 0.014272 0.000000 0.000000 0.000000 0.003286 0.000000 0.000000 0.000000 0.000000 0.000000 0.000000 0.000000 0.000000 0.000000 0.000000 0.000000 0.000000 0.000000 0.000000 0.000000 0.000000 0.000000 0.000000 0.000000 0.000000 0.000000 0.000000 0.000000 0.000000 0.000000 0.000000 0.000000 0.000000 0.000000 0.000000 0.000000 0.000000 0.000000 0.000000 0.000000 0.000000 0.000000 0.000000 0.000000 0.000000 0.000000 0.000000 0.000000 0.000000 0.000000 0.000000 0.000000 0.000000 0.000000 0.000000 0.000000 0.000000 0.000000 0.000000 0.000000 0.000000 0.000000 0.000000 0.000000 0.000000
1.971000e+04 5.605747 21.716303 25.905438 13.331515 1048.122604 446.201206 574.494808 23.758276 82.265333 10.354906 0.222496 1.836082 2.111864 75.932298 841.544555 686.030807 134884.777109 147334.480601 35958.621580 80281.059961 43262.766280 16884.733331 12199.573378 29966.161820 4624.094964 398.464233 692.343847 445.046753 6883.656986 4175.778112 6249.875370 1049.624002 1374.420203 743.554862 32383.503016 2954.664296 1188.811309 298.067342 60.233009 52.477584 25582.207753 1802.530343 15384.097806 448.569867 5905.101828 219707.650023 78955.897665 42915.401297 5580.462171 374.221922 0.000000 0.001336 0.000112 0.000000 0.000049 0.014483 0.000000 0.000000 0.000000 0.003293 0.000000 0.000000 0.000000 0.000000 0.000000 0.000000 0.000000 0.000000 0.000000 0.000000 0.000000 0.000000 0.000000 0.000000 0.000000 0.000000 0.000000 0.000000 0.000000 0.000000 0.000000 0.000000 0.000000 0.000000 0.000000 0.000000 0.000000 0.000000 0.000000 0.000000 0.000000 0.000000 0.000000 0.000000 0.000000 0.000000 0.000000 0.000000 0.000000 0.000000 0.000000 0.000000 0.000000 0.000000 0.000000 0.000000 0.000000 0.000000 0.000000 0.000000 0.000000 0.000000 0.000000 0.000000 0.000000 0.000000 0.000000 0.000000 0.000000 0.000000
2.007500e+04 5.557955 21.713899 25.814647 13.196746 1034.343722 444.893380 578.667644 23.605325 82.009240 10.334595 0.219927 1.836477 2.122447 76.892354 838.763818 705.358689 133911.296909 146067.155407 36005.089309 80151.427082 42941.004655 16470.974746 12247.092155 29927.916844 4609.848057 393.704984 676.198286 443.983739 6891.762063 4177.795372 6264.115906 1042.374389 1374.364905 747.812185 32256.351640 2962.703202 1178.840308 304.562903 60.713824 66.597516 16030.268527 1819.968287 57.767411 495.110200 8076.248026 220101.686901 79134.596665 42617.184724 5532.461668 379.798250 0.000000 0.001327 0.000107 0.000000 0.000047 0.014698 0.000000 0.000000 0.000000 0.003302 0.000000 0.000000 0.000000 0.000000 0.000000 0.000000 0.000000 0.000000 0.000000 0.000000 0.000000 0.000000 0.000000 0.000000 0.000000 0.000000 0.000000 0.000000 0.000000 0.000000 0.000000 0.000000 0.000000 0.000000 0.000000 0.000000 0.000000 0.000000 0.000000 0.000000 0.000000 0.000000 0.000000 0.000000 0.000000 0.000000 0.000000 0.000000 0.000000 0.000000 0.000000 0.000000 0.000000 0.000000 0.000000 0.000000 0.000000 0.000000 0.000000 0.000000 0.000000 0.000000 0.000000 0.000000 0.000000 0.000000 0.000000 0.000000 0.000000 0.000000
2.044000e+04 5.509976 21.714269 25.724621 13.064882 1020.871175 443.685972 582.838713 23.461626 81.771129 10.315619 0.217444 1.836876 2.132668 77.858187 830.052370 725.048926 133022.043337 144891.905586 36091.676696 80032.950481 42637.933131 16065.416839 12293.357012 29890.708492 4595.326661 389.117506 660.903137 442.957379 6901.577028 4182.062344 6279.325704 1035.706191 1374.129791 752.142986 32139.209767 2971.161207 1169.272157 311.106236 61.198302 100.461637 2457.168975 1791.534093 15216.328322 771.922580 9774.896409 220532.443732 79313.694120 42136.323131 5500.150103 385.295694 0.000000 0.001316 0.000102 0.000000 0.000045 0.014917 0.000000 0.000000 0.000000 0.003313 0.000000 0.000000 0.000000 0.000000 0.000000 0.000000 0.000000 0.000000 0.000000 0.000000 0.000000 0.000000 0.000000 0.000000 0.000000 0.000000 0.000000 0.000000 0.000000 0.000000 0.000000 0.000000 0.000000 0.000000 0.000000 0.000000 0.000000 0.000000 0.000000 0.000000 0.000000 0.000000 0.000000 0.000000 0.000000 0.000000 0.000000 0.000000 0.000000 0.000000 0.000000 0.000000 0.000000 0.000000 0.000000 0.000000 0.000000 0.000000 0.000000 0.000000 0.000000 0.000000 0.000000 0.000000 0.000000 0.000000 0.000000 0.000000 0.000000 0.000000
2.080500e+04 5.461913 21.716781 25.637480 12.935889 1007.675630 442.710292 587.000288 23.327872 81.558834 10.297746 0.215047 1.837279 2.142529 78.830310 843.767940 745.122624 132135.005613 143698.036586 36029.682333 79920.758287 42342.671674 15667.694071 12337.586866 29853.165026 4580.596141 384.550089 645.909124 441.868758 6911.561997 4185.661341 6294.960216 1028.733678 1373.616217 756.497585 32020.908428 2980.047062 1159.689862 317.688450 61.686829 104.148316 236.472694 1770.001477 57.097198 908.676816 10626.456771 220947.420922 79480.642657 41607.482527 5478.608865 390.714530 0.000000 0.001298 0.000097 0.000000 0.000043 0.015139 0.000000 0.000000 0.000000 0.003327 0.000000 0.000000 0.000000 0.000000 0.000000 0.000000 0.000000 0.000000 0.000000 0.000000 0.000000 0.000000 0.000000 0.000000 0.000000 0.000000 0.000000 0.000000 0.000000 0.000000 0.000000 0.000000 0.000000 0.000000 0.000000 0.000000 0.000000 0.000000 0.000000 0.000000 0.000000 0.000000 0.000000 0.000000 0.000000 0.000000 0.000000 0.000000 0.000000 0.000000 0.000000 0.000000 0.000000 0.000000 0.000000 0.000000 0.000000 0.000000 0.000000 0.000000 0.000000 0.000000 0.000000 0.000000 0.000000 0.000000 0.000000 0.000000 0.000000 0.000000
2.117000e+04 5.413878 21.721251 25.551399 12.809403 994.742489 441.820683 591.161285 23.200581 81.343588 10.281027 0.212725 1.837683 2.152047 79.807182 841.189537 765.571864 131169.374254 142409.912606 35879.286772 79803.246577 42042.667756 15277.903383 12379.332909 29814.407688 4565.722917 379.915587 630.594270 440.642245 6920.518422 4187.531185 6310.957359 1021.393048 1372.744149 760.852655 31896.841447 2989.387303 1149.869499 324.298574 62.179603 65.847662 12173.648153 1778.109087 15064.072579 634.519128 10679.285299 221320.358789 79644.487629 41252.871913 5454.533158 396.055494 0.000000 0.001285 0.000092 0.000000 0.000041 0.015366 0.000000 0.000000 0.000000 0.003344 0.000000 0.000000 0.000000 0.000000 0.000000 0.000000 0.000000 0.000000 0.000000 0.000000 0.000000 0.000000 0.000000 0.000000 0.000000 0.000000 0.000000 0.000000 0.000000 0.000000 0.000000 0.000000 0.000000 0.000000 0.000000 0.000000 0.000000 0.000000 0.000000 0.000000 0.000000 0.000000 0.000000 0.000000 0.000000 0.000000 0.000000 0.000000 0.000000 0.000000 0.000000 0.000000 0.000000 0.000000 0.000000 0.000000 0.000000 0.000000 0.000000 0.000000 0.000000 0.000000 0.000000 0.000000 0.000000 0.000000 0.000000 0.000000 0.000000 0.000000
2.153500e+04 5.365917 21.727962 25.466798 12.685350 982.127731 440.970383 595.330526 23.078336 81.124527 10.265744 0.210476 1.838106 2.161269 80.790030 839.940781 786.441573 130248.396904 141242.847055 35857.486281 79692.342337 41766.306907 14903.369859 12419.232757 29777.513370 4550.759220 375.574923 616.149181 439.577043 6930.908930 4190.740379 6328.256717 1014.914521 1372.157611 765.312624 31788.749256 2999.224388 1140.771582 330.948660 62.677705 50.349847 24680.593415 1748.511543 56.428779 418.188748 10106.018401 221692.516567 79824.804149 41170.385580 5431.122891 401.322350 0.000000 0.001277 0.000088 0.000000 0.000039 0.015597 0.000000 0.000000 0.000000 0.003363 0.000000 0.000000 0.000000 0.000000 0.000000 0.000000 0.000000 0.000000 0.000000 0.000000 0.000000 0.000000 0.000000 0.000000 0.000000 0.000000 0.000000 0.000000 0.000000 0.000000 0.000000 0.000000 0.000000 0.000000 0.000000 0.000000 0.000000 0.000000 0.000000 0.000000 0.000000 0.000000 0.000000 0.000000 0.000000 0.000000 0.000000 0.000000 0.000000 0.000000 0.000000 0.000000 0.000000 0.000000 0.000000 0.000000 0.000000 0.000000 0.000000 0.000000 0.000000 0.000000 0.000000 0.000000 0.000000 0.000000 0.000000 0.000000 0.000000 0.000000
2.190000e+04 5.318055 21.737282 25.383496 12.563877 969.821708 440.107921 599.497897 22.961804 80.911210 10.251591 0.208295 1.838542 2.170192 81.778935 825.800235 807.763648 129417.089354 140201.625901 35958.058746 79587.891938 41511.164412 14542.527638 12455.934198 29741.595408 4535.727308 371.472897 602.626121 438.600959 6943.361563 4196.682764 6346.699490 1009.332751 1371.570365 769.851171 31694.297238 3009.507898 1132.239963 337.636639 63.182643 66.312426 8243.234301 1739.710193 14899.852278 486.295469 9114.234069 222098.647318 80018.510638 41264.291028 5411.457540 406.516874 0.000000 0.001269 0.000084 0.000000 0.000037 0.015832 0.000000 0.000000 0.000000 0.003384 0.000000 0.000000 0.000000 0.000000 0.000000 0.000000 0.000000 0.000000 0.000000 0.000000 0.000000 0.000000 0.000000 0.000000 0.000000 0.000000 0.000000 0.000000 0.000000 0.000000 0.000000 0.000000 0.000000 0.000000 0.000000 0.000000 0.000000 0.000000 0.000000 0.000000 0.000000 0.000000 0.000000 0.000000 0.000000 0.000000 0.000000 0.000000 0.000000 0.000000 0.000000 0.000000 0.000000 0.000000 0.000000 0.000000 0.000000 0.000000 0.000000 0.000000 0.000000 0.000000 0.000000 0.000000 0.000000 0.000000 0.000000 0.000000 0.000000 0.000000
2.226500e+04 5.270304 21.749314 25.303411 12.444945 957.780550 439.412825 603.655448 22.853543 80.725962 10.238219 0.206181 1.838988 2.178813 82.774777 837.113952 829.531663 128629.677480 139194.858093 35967.387752 79487.105593 41268.806538 14192.482452 12489.715571 29705.081574 4520.292105 367.451090 589.578229 437.605990 6956.507952 4203.143593 6365.815659 1003.735320 1370.786905 774.412496 31600.065741 3020.154753 1123.858120 344.354910 63.694570 97.977076 145.879751 1741.452542 55.794611 750.065068 7939.392312 222524.535964 80208.782511 41389.536561 5392.526454 411.641399 0.000000 0.001253 0.000080 0.000000 0.000035 0.016072 0.000000 0.000000 0.000000 0.003408 0.000000 0.000000 0.000000 0.000000 0.000000 0.000000 0.000000 0.000000 0.000000 0.000000 0.000000 0.000000 0.000000 0.000000 0.000000 0.000000 0.000000 0.000000 0.000000 0.000000 0.000000 0.000000 0.000000 0.000000 0.000000 0.000000 0.000000 0.000000 0.000000 0.000000 0.000000 0.000000 0.000000 0.000000 0.000000 0.000000 0.000000 0.000000 0.000000 0.000000 0.000000 0.000000 0.000000 0.000000 0.000000 0.000000 0.000000 0.000000 0.000000 0.000000 0.000000 0.000000 0.000000 0.000000 0.000000 0.000000 0.000000 0.000000 0.000000 0.000000
2.263000e+04 5.222711 21.762938 25.225779 12.328208 945.966489 438.817015 607.804802 22.751069 80.543494 10.225552 0.204129 1.839432 2.187141 83.775733 838.036416 851.734685 127759.494658 138067.962921 35809.984028 79379.061652 41017.249198 13848.081969 12520.329628 29665.855626 4504.569525 363.282462 575.913640 436.409697 6967.609403 4207.289170 6385.141756 997.409283 1369.501144 778.931716 31490.540987 3031.105489 1115.009497 351.084921 64.212491 96.045517 2700.641121 1709.935686 14763.910982 840.553480 6720.984818 222939.825690 80388.026725 41569.011147 5368.623010 416.697760 0.000000 0.001239 0.000076 0.000000 0.000033 0.016316 0.000000 0.000000 0.000000 0.003435 0.000000 0.000000 0.000000 0.000000 0.000000 0.000000 0.000000 0.000000 0.000000 0.000000 0.000000 0.000000 0.000000 0.000000 0.000000 0.000000 0.000000 0.000000 0.000000 0.000000 0.000000 0.000000 0.000000 0.000000 0.000000 0.000000 0.000000 0.000000 0.000000 0.000000 0.000000 0.000000 0.000000 0.000000 0.000000 0.000000 0.000000 0.000000 0.000000 0.000000 0.000000 0.000000 0.000000 0.000000 0.000000 0.000000 0.000000 0.000000 0.000000 0.000000 0.000000 0.000000 0.000000 0.000000 0.000000 0.000000 0.000000 0.000000 0.000000 0.000000
2.299500e+04 5.175397 21.777615 25.149544 12.213463 934.433546 438.260080 611.961639 22.652122 80.353426 10.213982 0.202137 1.839899 2.195225 84.782754 839.534222 874.429877 126899.141707 137000.275530 35728.446673 79276.117082 40781.288252 13512.327536 12547.785903 29627.166824 4488.669913 359.299333 562.578453 435.307781 6979.192366 4211.649150 6405.518936 991.565984 1368.414766 783.515959 31387.114708 3042.382069 1106.620208 357.838444 64.735844 60.207385 27009.319003 1706.000386 55.181659 573.193352 5571.552313 223351.935543 80569.919473 41854.076343 5343.725073 421.691323 0.000000 0.001230 0.000072 0.000000 0.000031 0.016564 0.000000 0.000000 0.000000 0.003465 0.000000 0.000000 0.000000 0.000000 0.000000 0.000000 0.000000 0.000000 0.000000 0.000000 0.000000 0.000000 0.000000 0.000000 0.000000 0.000000 0.000000 0.000000 0.000000 0.000000 0.000000 0.000000 0.000000 0.000000 0.000000 0.000000 0.000000 0.000000 0.000000 0.000000 0.000000 0.000000 0.000000 0.000000 0.000000 0.000000 0.000000 0.000000 0.000000 0.000000 0.000000 0.000000 0.000000 0.000000 0.000000 0.000000 0.000000 0.000000 0.000000 0.000000 0.000000 0.000000 0.000000 0.000000 0.000000 0.000000 0.000000 0.000000 0.000000 0.000000
2.336000e+04 5.128495 21.795202 25.074516 12.100837 923.188853 437.619186 616.114749 22.556564 80.159744 10.203348 0.200201 1.840382 2.203061 85.795952 823.033985 897.649263 126123.233083 136050.359460 35808.141909 79179.858117 40564.638798 13185.792400 12573.007172 29589.805885 4472.654838 355.547531 549.957259 434.320190 6993.098087 4218.635810 6427.136390 986.670358 1367.410326 788.172905 31295.385143 3053.939941 1098.825716 364.618050 65.265128 48.661304 13550.050448 1704.334413 14604.569435 393.588496 4537.432972 223766.591132 80763.418908 42156.780069 5323.504959 426.626654 0.000000 0.001225 0.000069 0.000000 0.000030 0.016817 0.000000 0.000000 0.000000 0.003498 0.000000 0.000000 0.000000 0.000000 0.000000 0.000000 0.000000 0.000000 0.000000 0.000000 0.000000 0.000000 0.000000 0.000000 0.000000 0.000000 0.000000 0.000000 0.000000 0.000000 0.000000 0.000000 0.000000 0.000000 0.000000 0.000000 0.000000 0.000000 0.000000 0.000000 0.000000 0.000000 0.000000 0.000000 0.000000 0.000000 0.000000 0.000000 0.000000 0.000000 0.000000 0.000000 0.000000 0.000000 0.000000 0.000000 0.000000 0.000000 0.000000 0.000000 0.000000 0.000000 0.000000 0.000000 0.000000 0.000000 0.000000 0.000000 0.000000 0.000000
2.372500e+04 5.082092 21.815735 25.002826 11.990478 912.207132 437.102302 620.254198 22.467475 79.990347 10.193343 0.198323 1.840879 2.210649 86.816795 829.315217 921.451446 125431.637248 135184.500862 35875.942996 79091.313972 40366.633582 12868.444937 12597.542000 29553.283414 4456.593909 351.949218 538.083575 433.399796 7008.767025 4227.351255 6449.682519 982.162188 1366.358449 792.869761 31208.934481 3065.702839 1091.409668 371.421296 65.800857 66.193225 1282.957767 1678.657775 54.572522 480.418705 3643.934934 224183.412581 80950.645106 42351.043315 5306.601537 431.507931 0.000000 0.001213 0.000066 0.000000 0.000028 0.017075 0.000000 0.000000 0.000000 0.003533 0.000000 0.000000 0.000000 0.000000 0.000000 0.000000 0.000000 0.000000 0.000000 0.000000 0.000000 0.000000 0.000000 0.000000 0.000000 0.000000 0.000000 0.000000 0.000000 0.000000 0.000000 0.000000 0.000000 0.000000 0.000000 0.000000 0.000000 0.000000 0.000000 0.000000 0.000000 0.000000 0.000000 0.000000 0.000000 0.000000 0.000000 0.000000 0.000000 0.000000 0.000000 0.000000 0.000000 0.000000 0.000000 0.000000 0.000000 0.000000 0.000000 0.000000 0.000000 0.000000 0.000000 0.000000 0.000000 0.000000 0.000000 0.000000 0.000000 0.000000
2.409000e+04 5.036237 21.839018 24.933567 11.882106 901.434472 436.660570 624.377327 22.384084 79.831731 10.183751 0.196500 1.841376 2.217991 87.843560 830.451283 945.774079 124691.330838 134216.154694 35777.423710 78998.536363 40161.481091 12555.464813 12619.664902 29514.825426 4440.514919 348.220535 525.924695 432.310954 7023.381235 4234.485025 6472.473827 976.996014 1364.799107 797.517192 31109.947546 3077.613342 1083.586213 378.226282 66.342266 95.335456 452.863790 1675.757758 14483.166765 730.225958 3451.951810 224596.140489 81121.755784 42418.094646 5282.642450 436.337591 0.000000 0.001199 0.000063 0.000000 0.000026 0.017337 0.000000 0.000000 0.000000 0.003571 0.000000 0.000000 0.000000 0.000000 0.000000 0.000000 0.000000 0.000000 0.000000 0.000000 0.000000 0.000000 0.000000 0.000000 0.000000 0.000000 0.000000 0.000000 0.000000 0.000000 0.000000 0.000000 0.000000 0.000000 0.000000 0.000000 0.000000 0.000000 0.000000 0.000000 0.000000 0.000000 0.000000 0.000000 0.000000 0.000000 0.000000 0.000000 0.000000 0.000000 0.000000 0.000000 0.000000 0.000000 0.000000 0.000000 0.000000 0.000000 0.000000 0.000000 0.000000 0.000000 0.000000 0.000000 0.000000 0.000000 0.000000 0.000000 0.000000 0.000000
2.445500e+04 4.990984 21.864874 24.866788 11.775554 890.897972 436.307029 628.497020 22.304794 79.671874 10.174894 0.194728 1.841888 2.225123 88.876700 837.125132 970.675260 123922.747781 133229.469889 35659.184627 78908.620379 39961.935239 12249.700874 12639.868341 29476.288025 4424.509071 344.544437 513.831571 431.230544 7037.899261 4240.385657 6496.103072 971.740694 1363.230460 802.179496 31011.383951 3089.677861 1075.891360 385.037806 66.886673 88.485451 16990.045464 1666.249431 54.028039 778.991678 5700.616046 225010.764765 81293.307476 42318.295303 5241.063909 441.120711 0.000000 0.001188 0.000060 0.000000 0.000025 0.017604 0.000000 0.000000 0.000000 0.003612 0.000000 0.000000 0.000000 0.000000 0.000000 0.000000 0.000000 0.000000 0.000000 0.000000 0.000000 0.000000 0.000000 0.000000 0.000000 0.000000 0.000000 0.000000 0.000000 0.000000 0.000000 0.000000 0.000000 0.000000 0.000000 0.000000 0.000000 0.000000 0.000000 0.000000 0.000000 0.000000 0.000000 0.000000 0.000000 0.000000 0.000000 0.000000 0.000000 0.000000 0.000000 0.000000 0.000000 0.000000 0.000000 0.000000 0.000000 0.000000 0.000000 0.000000 0.000000 0.000000 0.000000 0.000000 0.000000 0.000000 0.000000 0.000000 0.000000 0.000000
2.482000e+04 4.946382 21.893080 24.800653 11.670806 880.617313 435.869440 632.615173 22.228166 79.501909 10.166822 0.193004 1.842417 2.232059 89.916019 821.481977 996.172882 123191.415757 132312.624898 35692.233883 78823.902884 39774.333206 11952.265799 12657.512001 29437.560723 4408.540043 341.041857 502.176001 430.235153 7053.572368 4247.730923 6520.804703 967.207247 1361.744001 806.877648 30926.281490 3101.839364 1068.647533 391.861490 67.431735 55.355717 21087.320976 1646.581366 14334.501036 520.398664 8532.352742 225421.384482 81476.511010 41960.169549 5199.541705 445.861764 0.000000 0.001183 0.000057 0.000000 0.000023 0.017876 0.000000 0.000000 0.000000 0.003656 0.000000 0.000000 0.000000 0.000000 0.000000 0.000000 0.000000 0.000000 0.000000 0.000000 0.000000 0.000000 0.000000 0.000000 0.000000 0.000000 0.000000 0.000000 0.000000 0.000000 0.000000 0.000000 0.000000 0.000000 0.000000 0.000000 0.000000 0.000000 0.000000 0.000000 0.000000 0.000000 0.000000 0.000000 0.000000 0.000000 0.000000 0.000000 0.000000 0.000000 0.000000 0.000000 0.000000 0.000000 0.000000 0.000000 0.000000 0.000000 0.000000 0.000000 0.000000 0.000000 0.000000 0.000000 0.000000 0.000000 0.000000 0.000000 0.000000 0.000000
2.518500e+04 4.902472 21.923499 24.737652 11.568049 870.594773 435.488930 636.721902 22.156152 79.347466 10.159349 0.191326 1.842961 2.238799 90.963274 821.573756 1022.340856 122563.985614 131521.911815 35810.200433 78748.867417 39611.052693 11664.635656 12673.861674 29399.033509 4392.682208 337.773801 491.420506 429.379621 7071.197466 4257.640132 6546.598883 963.475235 1360.395675 811.618479 30858.361431 3114.102662 1062.023601 398.705174 67.979256 47.347499 5908.668540 1648.120694 53.448496 373.863342 10721.480888 225821.106253 81661.622379 41420.530880 5178.486868 450.565436 0.000000 0.001175 0.000054 0.000000 0.000022 0.018153 0.000000 0.000000 0.000000 0.003702 0.000000 0.000000 0.000000 0.000000 0.000000 0.000000 0.000000 0.000000 0.000000 0.000000 0.000000 0.000000 0.000000 0.000000 0.000000 0.000000 0.000000 0.000000 0.000000 0.000000 0.000000 0.000000 0.000000 0.000000 0.000000 0.000000 0.000000 0.000000 0.000000 0.000000 0.000000 0.000000 0.000000 0.000000 0.000000 0.000000 0.000000 0.000000 0.000000 0.000000 0.000000 0.000000 0.000000 0.000000 0.000000 0.000000 0.000000 0.000000 0.000000 0.000000 0.000000 0.000000 0.000000 0.000000 0.000000 0.000000 0.000000 0.000000 0.000000 0.000000
2.555000e+04 4.859306 21.955902 24.676619 11.467200 860.763886 435.153714 640.808111 22.089272 79.209993 10.152083 0.189694 1.843502 2.245321 92.017134 821.312328 1049.168300 121920.247017 130665.694636 35799.037508 78668.656522 39444.392396 11381.054595 12688.224153 29357.449188 4376.968550 334.430343 480.595601 428.379356 7088.313683 4267.178985 6572.612368 959.348833 1358.578267 816.296560 30784.416341 3126.458934 1055.116965 405.545699 68.531594 66.188049 114.824682 1634.039259 14219.801181 477.266673 11847.536011 226214.042627 81833.469165 40822.827589 5172.411192 455.233833 0.000000 0.001162 0.000052 0.000000 0.000020 0.018435 0.000000 0.000000 0.000000 0.003753 0.000000 0.000000 0.000000 0.000000 0.000000 0.000000 0.000000 0.000000 0.000000 0.000000 0.000000 0.000000 0.000000 0.000000 0.000000 0.000000 0.000000 0.000000 0.000000 0.000000 0.000000 0.000000 0.000000 0.000000 0.000000 0.000000 0.000000 0.000000 0.000000 0.000000 0.000000 0.000000 0.000000 0.000000 0.000000 0.000000 0.000000 0.000000 0.000000 0.000000 0.000000 0.000000 0.000000 0.000000 0.000000 0.000000 0.000000 0.000000 0.000000 0.000000 0.000000 0.000000 0.000000 0.000000 0.000000 0.000000 0.000000 0.000000 0.000000 0.000000
2.591500e+04 4.816937 21.990259 24.618895 11.367954 851.120257 434.963554 644.880681 22.026081 79.077122 10.145201 0.188105 1.844048 2.251660 93.077244 833.583757 1076.689464 121203.560206 129720.592752 35649.351786 78582.072103 39273.280474 11103.020402 12700.321925 29313.012793 4361.476185 331.024300 469.498107 427.266489 7103.873004 4274.286476 6598.913915 954.588998 1356.511289 820.924821 30701.614867 3138.954767 1047.966548 412.376748 69.090055 92.573681 4740.187048 1615.311857 52.949271 711.494315 11949.205489 226625.439203 82000.050520 40402.476822 5162.007171 459.870638 0.000000 0.001148 0.000049 0.000000 0.000019 0.018722 0.000000 0.000000 0.000000 0.003806 0.000000 0.000000 0.000000 0.000000 0.000000 0.000000 0.000000 0.000000 0.000000 0.000000 0.000000 0.000000 0.000000 0.000000 0.000000 0.000000 0.000000 0.000000 0.000000 0.000000 0.000000 0.000000 0.000000 0.000000 0.000000 0.000000 0.000000 0.000000 0.000000 0.000000 0.000000 0.000000 0.000000 0.000000 0.000000 0.000000 0.000000 0.000000 0.000000 0.000000 0.000000 0.000000 0.000000 0.000000 0.000000 0.000000 0.000000 0.000000 0.000000 0.000000 0.000000 0.000000 0.000000 0.000000 0.000000 0.000000 0.000000 0.000000 0.000000 0.000000
2.628000e+04 4.775374 22.026526 24.561195 11.270206 841.693326 434.692931 648.954700 21.963409 78.926984 10.138947 0.186557 1.844609 2.257844 94.143101 821.242736 1104.915482 120471.893356 128783.860035 35607.221977 78497.994000 39103.913402 10835.172113 12709.909825 29267.666756 4346.265313 327.709577 458.423671 426.168394 7119.414204 4281.543359 6626.132303 950.180299 1354.449693 825.561601 30624.172576 3151.652078 1041.016869 419.204593 69.655398 81.370067 26681.587531 1615.176545 14079.033477 721.385685 11264.392552 227069.261887 82181.710371 40310.497989 5148.264150 464.480402 0.000000 0.001142 0.000047 0.000000 0.000018 0.019014 0.000000 0.000000 0.000000 0.003863 0.000000 0.000000 0.000000 0.000000 0.000000 0.000000 0.000000 0.000000 0.000000 0.000000 0.000000 0.000000 0.000000 0.000000 0.000000 0.000000 0.000000 0.000000 0.000000 0.000000 0.000000 0.000000 0.000000 0.000000 0.000000 0.000000 0.000000 0.000000 0.000000 0.000000 0.000000 0.000000 0.000000 0.000000 0.000000 0.000000 0.000000 0.000000 0.000000 0.000000 0.000000 0.000000 0.000000 0.000000 0.000000 0.000000 0.000000 0.000000 0.000000 0.000000 0.000000 0.000000 0.000000 0.000000 0.000000 0.000000 0.000000 0.000000 0.000000 0.000000
2.664500e+04 4.734520 22.065166 24.505775 11.174088 832.508034 434.421839 653.019695 21.902762 78.781134 10.133267 0.185048 1.845191 2.263874 95.216907 817.989743 1133.947305 119840.367867 127987.358120 35722.349570 78429.913971 38959.337348 10581.669960 12718.940285 29223.897193 4331.385486 324.667561 448.196393 425.247088 7137.451215 4291.499780 6654.683164 946.732375 1352.647785 830.260891 30564.357422 3164.555749 1034.788091 426.048153 70.227983 51.142781 11495.487138 1601.983912 52.378771 473.937639 10113.168008 227513.316508 82375.510170 40470.163529 5136.746003 469.068529 0.000000 0.001136 0.000045 0.000000 0.000017 0.019312 0.000000 0.000000 0.000000 0.003923 0.000000 0.000000 0.000000 0.000000 0.000000 0.000000 0.000000 0.000000 0.000000 0.000000 0.000000 0.000000 0.000000 0.000000 0.000000 0.000000 0.000000 0.000000 0.000000 0.000000 0.000000 0.000000 0.000000 0.000000 0.000000 0.000000 0.000000 0.000000 0.000000 0.000000 0.000000 0.000000 0.000000 0.000000 0.000000 0.000000 0.000000 0.000000 0.000000 0.000000 0.000000 0.000000 0.000000 0.000000 0.000000 0.000000 0.000000 0.000000 0.000000 0.000000 0.000000 0.000000 0.000000 0.000000 0.000000 0.000000 0.000000 0.000000 0.000000 0.000000
2.701000e+04 4.694309 22.105164 24.452123 11.079644 823.508676 434.170806 657.061897 21.845903 78.650735 10.127708 0.183579 1.845772 2.269725 96.297868 814.137779 1163.782378 119234.513917 127185.284583 35771.533936 78363.917434 38817.881991 10337.147415 12727.589399 29179.271566 4316.864509 321.634822 438.184086 424.263544 7156.383295 4302.297451 6684.024334 943.252531 1350.490856 834.924318 30502.756028 3177.607386 1028.516612 432.888067 70.807967 46.311605 614.880241 1588.389924 13955.550857 357.929484 8755.393343 227920.327162 82558.743632 40708.163613 5127.852385 473.637123 0.000000 0.001125 0.000043 0.000000 0.000016 0.019615 0.000000 0.000000 0.000000 0.003987 0.000000 0.000000 0.000000 0.000000 0.000000 0.000000 0.000000 0.000000 0.000000 0.000000 0.000000 0.000000 0.000000 0.000000 0.000000 0.000000 0.000000 0.000000 0.000000 0.000000 0.000000 0.000000 0.000000 0.000000 0.000000 0.000000 0.000000 0.000000 0.000000 0.000000 0.000000 0.000000 0.000000 0.000000 0.000000 0.000000 0.000000 0.000000 0.000000 0.000000 0.000000 0.000000 0.000000 0.000000 0.000000 0.000000 0.000000 0.000000 0.000000 0.000000 0.000000 0.000000 0.000000 0.000000 0.000000 0.000000 0.000000 0.000000 0.000000 0.000000
2.737500e+04 4.654685 22.146785 24.401954 10.986613 814.671748 434.063808 661.080175 21.792573 78.530378 10.122298 0.182149 1.846353 2.275417 97.385839 828.108247 1194.422338 118575.589390 126303.201509 35636.751351 78293.692191 38671.490901 10100.347783 12735.315757 29132.584853 4302.738605 318.539205 428.052683 423.176978 7174.580657 4310.962292 6713.681736 939.083990 1348.018818 839.531979 30429.395536 3190.800586 1021.987107 439.713222 71.395239 66.186122 849.124076 1583.666390 51.870486 475.337547 7357.316489 228315.979978 82728.893799 40987.290047 5114.752968 478.188871 0.000000 0.001111 0.000041 0.000000 0.000015 0.019923 0.000000 0.000000 0.000000 0.004054 0.000000 0.000000 0.000000 0.000000 0.000000 0.000000 0.000000 0.000000 0.000000 0.000000 0.000000 0.000000 0.000000 0.000000 0.000000 0.000000 0.000000 0.000000 0.000000 0.000000 0.000000 0.000000 0.000000 0.000000 0.000000 0.000000 0.000000 0.000000 0.000000 0.000000 0.000000 0.000000 0.000000 0.000000 0.000000 0.000000 0.000000 0.000000 0.000000 0.000000 0.000000 0.000000 0.000000 0.000000 0.000000 0.000000 0.000000 0.000000 0.000000 0.000000 0.000000 0.000000 0.000000 0.000000 0.000000 0.000000 0.000000 0.000000 0.000000 0.000000
2.774000e+04 4.615654 22.190599 24.352359 10.894797 806.011411 433.909769 665.091002 21.739576 78.393433 10.117288 0.180754 1.846943 2.280971 98.479467 820.415962 1225.844013 117865.236395 125370.342013 35528.135632 78222.998654 38518.948113 9872.886796 12741.793298 29084.008253 4289.040599 315.454471 417.755813 422.046951 7192.251011 4318.532376 6743.978843 934.825275 1345.397927 844.118585 30351.056690 3204.183286 1015.409214 446.522668 71.989921 89.448223 21257.750080 1567.399065 13824.667697 691.785271 6040.545001 228750.554808 82906.109741 41348.713206 5098.230234 482.727092 0.000000 0.001103 0.000039 0.000000 0.000014 0.020237 0.000000 0.000000 0.000000 0.004125 0.000000 0.000000 0.000000 0.000000 0.000000 0.000000 0.000000 0.000000 0.000000 0.000000 0.000000 0.000000 0.000000 0.000000 0.000000 0.000000 0.000000 0.000000 0.000000 0.000000 0.000000 0.000000 0.000000 0.000000 0.000000 0.000000 0.000000 0.000000 0.000000 0.000000 0.000000 0.000000 0.000000 0.000000 0.000000 0.000000 0.000000 0.000000 0.000000 0.000000 0.000000 0.000000 0.000000 0.000000 0.000000 0.000000 0.000000 0.000000 0.000000 0.000000 0.000000 0.000000 0.000000 0.000000 0.000000 0.000000 0.000000 0.000000 0.000000 0.000000
2.810500e+04 4.577263 22.237064 24.304572 10.804297 797.569539 433.735729 669.093275 21.687226 78.252699 10.112837 0.179391 1.847554 2.286405 99.581159 816.376914 1258.167280 117232.490665 124558.149020 35600.308651 78170.029975 38387.228603 9659.660518 12748.086415 29037.070042 4275.807662 312.632127 408.125817 421.102612 7211.938395 4328.146864 6775.532049 931.448801 1343.079749 848.770536 30286.923741 3217.792112 1009.538257 453.342635 72.591750 74.576029 17712.287849 1559.428744 51.318724 666.186831 4838.161399 229216.213956 83097.966405 41745.303229 5084.497942 487.257032 0.000000 0.001098 0.000037 0.000000 0.000013 0.020557 0.000000 0.000000 0.000000 0.004200 0.000000 0.000000 0.000000 0.000000 0.000000 0.000000 0.000000 0.000000 0.000000 0.000000 0.000000 0.000000 0.000000 0.000000 0.000000 0.000000 0.000000 0.000000 0.000000 0.000000 0.000000 0.000000 0.000000 0.000000 0.000000 0.000000 0.000000 0.000000 0.000000 0.000000 0.000000 0.000000 0.000000 0.000000 0.000000 0.000000 0.000000 0.000000 0.000000 0.000000 0.000000 0.000000 0.000000 0.000000 0.000000 0.000000 0.000000 0.000000 0.000000 0.000000 0.000000 0.000000 0.000000 0.000000 0.000000 0.000000 0.000000 0.000000 0.000000 0.000000
2.847000e+04 4.539549 22.285979 24.258391 10.715283 789.311704 433.530087 673.074399 21.637147 78.121667 10.108586 0.178062 1.848169 2.291700 100.690586 805.602525 1291.195823 116669.926638 123804.837670 35723.541540 78125.319906 38266.776969 9457.036969 12750.121573 28990.336026 4262.536262 309.932557 398.944358 420.201927 7233.225909 4339.827214 6807.784516 928.554730 1340.616524 853.398953 30227.954280 3231.599300 1003.958918 460.165436 73.200220 47.404190 3815.881292 1555.814581 13696.331319 432.590017 3759.959369 229643.856354 83284.981005 42061.100256 5074.842455 491.781057 0.000000 0.001091 0.000035 0.000000 0.000012 0.020883 0.000000 0.000000 0.000000 0.004279 0.000000 0.000000 0.000000 0.000000 0.000000 0.000000 0.000000 0.000000 0.000000 0.000000 0.000000 0.000000 0.000000 0.000000 0.000000 0.000000 0.000000 0.000000 0.000000 0.000000 0.000000 0.000000 0.000000 0.000000 0.000000 0.000000 0.000000 0.000000 0.000000 0.000000 0.000000 0.000000 0.000000 0.000000 0.000000 0.000000 0.000000 0.000000 0.000000 0.000000 0.000000 0.000000 0.000000 0.000000 0.000000 0.000000 0.000000 0.000000 0.000000 0.000000 0.000000 0.000000 0.000000 0.000000 0.000000 0.000000 0.000000 0.000000 0.000000 0.000000
2.883500e+04 4.502532 22.337288 24.215335 10.627692 781.206468 433.437215 677.024942 21.591194 78.011220 10.104342 0.176765 1.848780 2.296849 101.807844 818.703957 1325.011078 116105.180762 123017.345453 35689.211135 78078.272510 38148.892816 9261.024132 12747.901197 28942.870374 4249.244312 307.224431 389.820726 419.246947 7254.283877 4350.822940 6840.439671 925.231983 1337.879932 857.983934 30162.800066 3245.587660 998.289779 466.979248 73.814121 45.498272 154.043373 1538.911139 50.822855 345.465452 3924.788786 230009.884949 83451.694150 42202.921785 5056.538866 496.301170 0.000000 0.001078 0.000033 0.000000 0.000011 0.021215 0.000000 0.000000 0.000000 0.004361 0.000000 0.000000 0.000000 0.000000 0.000000 0.000000 0.000000 0.000000 0.000000 0.000000 0.000000 0.000000 0.000000 0.000000 0.000000 0.000000 0.000000 0.000000 0.000000 0.000000 0.000000 0.000000 0.000000 0.000000 0.000000 0.000000 0.000000 0.000000 0.000000 0.000000 0.000000 0.000000 0.000000 0.000000 0.000000 0.000000 0.000000 0.000000 0.000000 0.000000 0.000000 0.000000 0.000000 0.000000 0.000000 0.000000 0.000000 0.000000 0.000000 0.000000 0.000000 0.000000 0.000000 0.000000 0.000000 0.000000 0.000000 0.000000 0.000000 0.000000
2.919950e+04 4.466251 22.390681 24.173992 10.541213 773.231437 433.365323 680.951524 21.547354 77.893606 10.100208 0.175496 1.849382 2.301869 102.930756 817.795861 1359.618983 115458.756387 122116.335402 35535.381295 78017.341277 38016.547093 9068.198780 12742.234753 28893.756942 4236.249061 304.407597 380.237507 418.152764 7273.346730 4359.401627 6873.599555 921.208697 1334.748737 862.545209 30086.285689 3259.746433 992.240850 473.765317 74.430718 66.124233 7838.852172 1529.770238 13585.567982 474.804375 6924.535246 230373.000606 83610.440140 42083.170218 5010.938795 500.818833 0.000000 0.001067 0.000032 0.000000 0.000010 0.021552 0.000000 0.000000 0.000000 0.004448 0.000000 0.000000 0.000000 0.000000 0.000000 0.000000 0.000000 0.000000 0.000000 0.000000 0.000000 0.000000 0.000000 0.000000 0.000000 0.000000 0.000000 0.000000 0.000000 0.000000 0.000000 0.000000 0.000000 0.000000 0.000000 0.000000 0.000000 0.000000 0.000000 0.000000 0.000000 0.000000 0.000000 0.000000 0.000000 0.000000 0.000000 0.000000 0.000000 0.000000 0.000000 0.000000 0.000000 0.000000 0.000000 0.000000 0.000000 0.000000 0.000000 0.000000 0.000000 0.000000 0.000000 0.000000 0.000000 0.000000 0.000000 0.000000 0.000000 0.000000
